,Data,Open,High,Low,Close,Volume,Ajustado,Retornos,Retornos Ajustados
0,2001-01-02,15242,15621,15174,15425,0,15425,183,183
1,2001-01-03,15425,16599,15251,16599,0,16599,1174,1174
2,2001-01-04,16597,16933,16587,16675,0,16675,78,78
3,2001-01-05,16679,16888,16380,16410,0,16410,-269,-269
4,2001-01-08,16398,16623,16226,16562,0,16562,164,164
5,2001-01-09,16566,17096,16566,16976,0,16976,410,410
6,2001-01-10,16964,17093,16701,16919,0,16919,-45,-45
7,2001-01-11,16908,17045,16797,17024,0,17024,116,116
8,2001-01-12,17034,17212,16821,16850,0,16850,-184,-184
9,2001-01-15,16858,17038,16858,16963,0,16963,105,105
10,2001-01-16,16973,17035,16662,16721,0,16721,-252,-252
11,2001-01-17,16748,17255,16745,17191,0,17191,443,443
12,2001-01-18,17204,17642,17151,17521,0,17521,317,317
13,2001-01-19,17525,17816,17512,17530,0,17530,5,5
14,2001-01-22,17548,17578,17297,17392,0,17392,-156,-156
15,2001-01-23,17381,17864,17376,17832,0,17832,451,451
16,2001-01-24,17849,18022,17698,17772,0,17772,-77,-77
17,2001-01-26,17776,17933,17591,17889,0,17889,113,113
18,2001-01-29,17906,18023,17704,17883,0,17883,-23,-23
19,2001-01-30,17882,17898,17668,17723,0,17723,-159,-159
20,2001-01-31,17725,17921,17637,17673,0,17673,-52,-52
21,2001-02-01,17670,17673,16977,17039,0,17039,-631,-631
22,2001-02-02,17027,17206,16781,16915,0,16915,-112,-112
23,2001-02-05,16914,16941,16539,16731,0,16731,-183,-183
24,2001-02-06,16734,17017,16734,17007,0,17007,273,273
25,2001-02-07,17003,17003,16630,16812,0,16812,-191,-191
26,2001-02-08,16814,17279,16814,17243,0,17243,429,429
27,2001-02-09,17257,17270,17050,17138,0,17138,-119,-119
28,2001-02-12,17163,17234,16883,16917,0,16917,-246,-246
29,2001-02-13,16922,17174,16883,17096,0,17096,174,174
30,2001-02-14,17078,17286,16890,17120,0,17120,42,42
31,2001-02-15,17121,17262,16922,16937,0,16937,-184,-184
32,2001-02-16,16934,16950,16100,16259,0,16259,-675,-675
33,2001-02-19,16263,16392,16023,16061,0,16061,-202,-202
34,2001-02-20,16066,16242,15783,15911,0,15911,-155,-155
35,2001-02-21,15909,15909,15568,15594,0,15594,-315,-315
36,2001-02-22,15604,15914,15558,15910,0,15910,306,306
37,2001-02-23,15920,16223,15831,16158,0,16158,238,238
38,2001-02-28,16158,16274,15891,15891,0,15891,-267,-267
39,2001-03-01,15891,16439,15875,16417,0,16417,526,526
40,2001-03-02,16423,16723,16233,16581,0,16581,158,158
41,2001-03-05,16620,16737,16471,16537,0,16537,-83,-83
42,2001-03-06,16573,16813,16279,16324,0,16324,-249,-249
43,2001-03-07,16329,16430,16223,16395,0,16395,66,66
44,2001-03-08,16401,16531,16096,16227,0,16227,-174,-174
45,2001-03-09,16233,16248,16018,16123,0,16123,-110,-110
46,2001-03-12,16125,16143,15523,15527,0,15527,-598,-598
47,2001-03-13,15536,15768,15444,15584,0,15584,48,48
48,2001-03-14,15583,15583,15070,15245,0,15245,-338,-338
49,2001-03-15,15252,15482,14977,15061,0,15061,-191,-191
50,2001-03-16,15076,15356,15047,15237,0,15237,161,161
51,2001-03-19,15249,15378,14802,14836,0,14836,-413,-413
52,2001-03-20,14854,16429,14854,14903,0,14903,49,49
53,2001-03-21,14914,15198,14755,14853,0,14853,-61,-61
54,2001-03-22,14847,14847,13761,14067,0,14067,-780,-780
55,2001-03-23,14070,14435,13855,14435,0,14435,365,365
56,2001-03-26,14443,14912,14443,14712,0,14712,269,269
57,2001-03-27,14733,14951,14594,14835,0,14835,102,102
58,2001-03-28,14846,14852,14574,14632,0,14632,-214,-214
59,2001-03-29,14647,14713,14226,14282,0,14282,-365,-365
60,2001-03-30,14292,14438,13922,14438,0,14438,146,146
61,2001-04-02,14441,14482,13981,13981,0,13981,-460,-460
62,2001-04-03,13988,14001,13664,13737,0,13737,-251,-251
63,2001-04-04,13740,14135,13740,13855,0,13855,115,115
64,2001-04-05,13865,14482,13865,14443,0,14443,578,578
65,2001-04-06,14428,14702,14371,14485,0,14485,57,57
66,2001-04-09,14489,14719,14446,14719,0,14719,230,230
67,2001-04-10,14725,15097,14725,15048,0,15048,323,323
68,2001-04-11,15057,15267,14724,14819,0,14819,-238,-238
69,2001-04-12,14811,14969,14490,14969,0,14969,158,158
70,2001-04-16,14974,14976,14385,14445,0,14445,-529,-529
71,2001-04-17,14443,14555,14223,14337,0,14337,-106,-106
72,2001-04-18,14345,15151,14323,14955,0,14955,610,610
73,2001-04-19,14956,15017,14420,14431,0,14431,-525,-525
74,2001-04-20,14408,14408,13618,13696,0,13696,-712,-712
75,2001-04-23,13734,13893,13325,13893,0,13893,159,159
76,2001-04-24,13894,14207,13894,14068,0,14068,174,174
77,2001-04-25,14062,14223,13785,14163,0,14163,101,101
78,2001-04-26,14204,14770,14202,14757,0,14757,553,553
79,2001-04-27,14752,15135,14752,14928,0,14928,176,176
80,2001-04-30,14944,15210,14838,14918,0,14918,-26,-26
81,2001-05-02,14877,14920,14636,14897,0,14897,20,20
82,2001-05-03,14906,15142,14762,15142,0,15142,236,236
83,2001-05-04,15142,15304,15041,15093,0,15093,-49,-49
84,2001-05-07,15103,15222,14862,14875,0,14875,-228,-228
85,2001-05-08,14861,14958,14656,14747,0,14747,-114,-114
86,2001-05-09,14717,14867,14576,14779,0,14779,62,62
87,2001-05-10,14796,15117,14796,14993,0,14993,197,197
88,2001-05-11,15012,15018,14410,14493,0,14493,-519,-519
89,2001-05-14,14499,14507,14104,14237,0,14237,-262,-262
90,2001-05-15,14141,14314,14110,14226,0,14226,85,85
91,2001-05-16,14256,14738,14256,14714,0,14714,458,458
92,2001-05-17,14727,15095,14725,14794,0,14794,67,67
93,2001-05-18,14848,15012,14800,14884,0,14884,36,36
94,2001-05-21,14871,15158,14807,15128,0,15128,257,257
95,2001-05-22,15142,15197,14794,14829,0,14829,-313,-313
96,2001-05-23,14829,14905,14627,14692,0,14692,-137,-137
97,2001-05-24,14694,14834,14431,14523,0,14523,-171,-171
98,2001-05-25,14523,14589,14179,14310,0,14310,-213,-213
99,2001-05-28,14328,14439,14056,14302,0,14302,-26,-26
100,2001-05-29,14302,14489,14301,14454,0,14454,152,152
101,2001-05-30,14459,14579,14347,14489,0,14489,30,30
102,2001-05-31,14514,14724,14508,14650,0,14650,136,136
103,2001-06-01,14654,14792,14409,14792,0,14792,138,138
104,2001-06-04,14798,15141,14798,15104,0,15104,306,306
105,2001-06-05,15107,15406,15032,15395,0,15395,288,288
106,2001-06-06,15393,15569,15268,15329,0,15329,-64,-64
107,2001-06-07,15319,15546,15201,15464,0,15464,145,145
108,2001-06-08,15469,15644,15355,15366,0,15366,-103,-103
109,2001-06-11,15291,15397,15159,15224,0,15224,-67,-67
110,2001-06-12,15238,15238,14956,15173,0,15173,-65,-65
111,2001-06-13,15175,15600,15175,15403,0,15403,228,228
112,2001-06-15,15386,15386,14964,14985,0,14985,-401,-401
113,2001-06-18,14982,14982,14333,14355,0,14355,-627,-627
114,2001-06-19,14375,14541,14245,14401,0,14401,26,26
115,2001-06-20,14396,14599,14393,14571,0,14571,175,175
116,2001-06-21,14534,14841,14506,14823,0,14823,289,289
117,2001-06-22,14870,15104,14677,14682,0,14682,-188,-188
118,2001-06-25,14682,14871,14479,14540,0,14540,-142,-142
119,2001-06-26,14521,14620,14401,14460,0,14460,-61,-61
120,2001-06-27,14477,14630,14265,14308,0,14308,-169,-169
121,2001-06-28,14321,14426,14164,14391,0,14391,70,70
122,2001-06-29,14412,14640,14376,14560,0,14560,148,148
123,2001-07-02,14579,14659,14483,14555,0,14555,-24,-24
124,2001-07-03,14561,14771,14325,14353,0,14353,-208,-208
125,2001-07-04,14352,14395,13980,14056,0,14056,-296,-296
126,2001-07-05,14084,14281,13943,14048,0,14048,-36,-36
127,2001-07-06,14030,14062,13788,13907,0,13907,-123,-123
128,2001-07-10,13930,14060,13564,13570,0,13570,-360,-360
129,2001-07-11,13508,13853,13361,13812,0,13812,304,304
130,2001-07-12,13812,13987,13636,13916,0,13916,104,104
131,2001-07-13,13907,14087,13737,14078,0,14078,171,171
132,2001-07-16,14081,14120,13811,13811,0,13811,-270,-270
133,2001-07-17,13813,14218,13813,14169,0,14169,356,356
134,2001-07-18,14171,14236,13778,13791,0,13791,-380,-380
135,2001-07-19,13795,13953,13641,13762,0,13762,-33,-33
136,2001-07-20,13766,14092,13659,14092,0,14092,326,326
137,2001-07-23,14108,14239,14058,14068,0,14068,-40,-40
138,2001-07-24,14049,14106,13725,13738,0,13738,-311,-311
139,2001-07-25,13738,13956,13679,13956,0,13956,218,218
140,2001-07-26,13963,13980,13736,13810,0,13810,-153,-153
141,2001-07-27,13825,13910,13759,13910,0,13910,85,85
142,2001-07-30,13948,14117,13704,13704,0,13704,-244,-244
143,2001-07-31,13703,13830,13639,13754,0,13754,51,51
144,2001-08-01,13757,13837,13606,13743,0,13743,-14,-14
145,2001-08-02,13746,13846,13690,13823,0,13823,77,77
146,2001-08-03,13840,13902,13733,13838,0,13838,-2,-2
147,2001-08-06,13856,14067,13854,14047,0,14047,191,191
148,2001-08-07,14049,14143,14003,14036,0,14036,-13,-13
149,2001-08-08,14036,14113,13917,13919,0,13919,-117,-117
150,2001-08-09,13921,13930,13705,13834,0,13834,-87,-87
151,2001-08-10,13836,13920,13738,13915,0,13915,79,79
152,2001-08-13,13914,13929,13716,13771,0,13771,-143,-143
153,2001-08-14,13770,13841,13732,13829,0,13829,59,59
154,2001-08-15,13834,13856,13615,13659,0,13659,-175,-175
155,2001-08-16,13686,13722,13415,13509,0,13509,-177,-177
156,2001-08-17,13507,13507,13010,13044,0,13044,-463,-463
157,2001-08-20,13044,13228,12916,13115,0,13115,71,71
158,2001-08-21,13122,13186,12886,12892,0,12892,-230,-230
159,2001-08-22,12907,13161,12853,12952,0,12952,45,45
160,2001-08-23,12961,13013,12703,12751,0,12751,-210,-210
161,2001-08-24,12749,13007,12681,13001,0,13001,252,252
162,2001-08-27,13000,13048,12849,12996,0,12996,-4,-4
163,2001-08-28,13005,13114,12942,13018,0,13018,13,13
164,2001-08-29,13040,13182,13012,13077,0,13077,37,37
165,2001-08-30,13074,13114,12798,12892,0,12892,-182,-182
166,2001-08-31,12906,12949,12789,12841,0,12841,-65,-65
167,2001-09-03,12849,12863,12696,12800,0,12800,-49,-49
168,2001-09-04,12812,12947,12767,12767,0,12767,-45,-45
169,2001-09-05,12767,12768,12462,12591,0,12591,-176,-176
170,2001-09-06,12594,12599,12251,12255,0,12255,-339,-339
171,2001-09-10,12238,12238,11901,11922,0,11922,-316,-316
172,2001-09-12,10773,11319,10706,11113,0,11113,340,340
173,2001-09-13,11127,11156,10290,10306,0,10306,-821,-821
174,2001-09-14,10262,10271,9533,10034,0,10034,-228,-228
175,2001-09-17,10032,10577,10032,10550,0,10550,518,518
176,2001-09-18,10543,10708,10321,10554,0,10554,11,11
177,2001-09-19,10560,10836,10485,10745,0,10745,185,185
178,2001-09-20,10719,10719,10470,10543,0,10543,-176,-176
179,2001-09-21,10493,10493,9890,10419,0,10419,-74,-74
180,2001-09-24,10453,10694,10453,10533,0,10533,80,80
181,2001-09-25,10539,10596,10195,10229,0,10229,-310,-310
182,2001-09-26,10227,10274,9893,10006,0,10006,-221,-221
183,2001-09-27,9996,10462,9705,10405,0,10405,409,409
184,2001-09-28,10412,10714,10412,10636,0,10636,224,224
185,2001-10-01,10633,10633,10354,10501,0,10501,-132,-132
186,2001-10-02,10492,10556,10299,10351,0,10351,-141,-141
187,2001-10-03,10356,10356,10189,10233,0,10233,-123,-123
188,2001-10-04,10241,10329,10026,10062,0,10062,-179,-179
189,2001-10-05,10068,10271,9985,10197,0,10197,129,129
190,2001-10-08,10120,10175,9986,10095,0,10095,-25,-25
191,2001-10-09,10109,10323,10103,10284,0,10284,175,175
192,2001-10-10,10284,10462,10255,10462,0,10462,178,178
193,2001-10-11,10462,10790,10461,10785,0,10785,323,323
194,2001-10-15,10775,11330,10695,11329,0,11329,554,554
195,2001-10-16,11326,11475,11165,11258,0,11258,-68,-68
196,2001-10-17,11287,11485,11166,11271,0,11271,-16,-16
197,2001-10-18,11260,11263,10948,10995,0,10995,-265,-265
198,2001-10-19,11003,11413,10894,11332,0,11332,329,329
199,2001-10-22,11343,11725,11293,11700,0,11700,357,357
200,2001-10-23,11699,11803,11584,11613,0,11613,-86,-86
201,2001-10-24,11611,11666,11430,11468,0,11468,-143,-143
202,2001-10-25,11459,11783,11307,11724,0,11724,265,265
203,2001-10-26,11725,11924,11715,11781,0,11781,56,56
204,2001-10-29,11784,11784,11331,11377,0,11377,-407,-407
205,2001-10-30,11334,11396,11024,11024,0,11024,-310,-310
206,2001-10-31,11057,11365,11047,11365,0,11365,308,308
207,2001-11-01,11362,11498,11177,11388,0,11388,26,26
208,2001-11-05,11389,12177,11389,12165,0,12165,776,776
209,2001-11-06,12154,12481,12139,12416,0,12416,262,262
210,2001-11-07,12405,12982,12331,12616,0,12616,211,211
211,2001-11-08,12633,12892,12473,12554,0,12554,-79,-79
212,2001-11-09,12542,12778,12412,12731,0,12731,189,189
213,2001-11-12,12729,12767,12233,12567,0,12567,-162,-162
214,2001-11-13,12591,13094,12591,12918,0,12918,327,327
215,2001-11-14,12928,13077,12746,12826,0,12826,-102,-102
216,2001-11-16,12838,13046,12807,12883,0,12883,45,45
217,2001-11-19,12906,13137,12902,12987,0,12987,81,81
218,2001-11-20,12992,12998,12619,12638,0,12638,-354,-354
219,2001-11-21,12646,12832,12560,12794,0,12794,148,148
220,2001-11-22,12794,13056,12794,13019,0,13019,225,225
221,2001-11-23,13037,13529,13037,13424,0,13424,387,387
222,2001-11-26,13443,13760,13443,13760,0,13760,317,317
223,2001-11-27,13771,13791,13490,13603,0,13603,-168,-168
224,2001-11-28,13553,13553,12913,13019,0,13019,-534,-534
225,2001-11-29,13019,13187,12622,12736,0,12736,-283,-283
226,2001-11-30,12744,13053,12704,12932,0,12932,188,188
227,2001-12-03,12914,13336,12870,13336,0,13336,422,422
228,2001-12-04,13374,13565,13071,13147,0,13147,-227,-227
229,2001-12-05,13186,13382,13103,13382,0,13382,196,196
230,2001-12-06,13382,13575,13230,13539,0,13539,157,157
231,2001-12-07,13565,13662,13233,13299,0,13299,-266,-266
232,2001-12-10,13299,13446,13193,13446,0,13446,147,147
233,2001-12-11,13455,13595,13337,13348,0,13348,-107,-107
234,2001-12-12,13350,13576,13297,13563,0,13563,213,213
235,2001-12-13,13577,13580,13144,13148,0,13148,-429,-429
236,2001-12-14,13129,13154,12894,12959,0,12959,-170,-170
237,2001-12-17,12965,13063,12912,12912,0,12912,-53,-53
238,2001-12-18,12935,13414,12924,13397,0,13397,462,462
239,2001-12-19,13405,13508,13284,13290,0,13290,-115,-115
240,2001-12-20,13271,13271,12809,12918,0,12918,-353,-353
241,2001-12-21,12935,13385,12935,13369,0,13369,434,434
242,2001-12-26,13367,13446,13245,13358,0,13358,-9,-9
243,2001-12-27,13371,13823,13369,13756,0,13756,385,385
244,2001-12-28,13741,13969,13510,13578,0,13578,-163,-163
245,2002-01-02,13586,13902,13571,13872,0,13872,286,286
246,2002-01-03,14125,14286,14121,14265,0,14265,140,140
247,2002-01-04,14250,14358,14103,14332,0,14332,82,82
248,2002-01-07,14327,14413,14273,14379,0,14379,52,52
249,2002-01-08,14385,14385,14099,14168,0,14168,-217,-217
250,2002-01-09,14157,14190,13919,14021,0,14021,-136,-136
251,2002-01-10,14010,14010,13511,13570,0,13570,-440,-440
252,2002-01-11,13554,13835,13554,13587,0,13587,33,33
253,2002-01-14,13594,13601,13068,13122,0,13122,-472,-472
254,2002-01-15,13131,13362,12937,13011,0,13011,-120,-120
255,2002-01-16,13006,13186,12941,13084,0,13084,78,78
256,2002-01-17,13109,13359,13109,13337,0,13337,228,228
257,2002-01-18,13340,13407,13262,13373,0,13373,33,33
258,2002-01-21,13367,13367,13134,13155,0,13155,-212,-212
259,2002-01-22,13177,13331,12956,13004,0,13004,-173,-173
260,2002-01-23,13025,13285,12982,13232,0,13232,207,207
261,2002-01-24,13239,13309,13147,13162,0,13162,-77,-77
262,2002-01-28,13161,13215,12990,13002,0,13002,-159,-159
263,2002-01-29,13010,13182,12476,12501,0,12501,-509,-509
264,2002-01-30,12512,12627,12301,12532,0,12532,20,20
265,2002-01-31,12563,12812,12561,12721,0,12721,158,158
266,2002-02-01,12723,12783,12567,12659,0,12659,-64,-64
267,2002-02-04,12648,12655,12416,12513,0,12513,-135,-135
268,2002-02-05,12557,12778,12415,12748,0,12748,191,191
269,2002-02-06,12751,12883,12666,12751,0,12751,0,0
270,2002-02-07,12752,12774,12684,12684,0,12684,-68,-68
271,2002-02-08,12684,12693,12591,12598,0,12598,-86,-86
272,2002-02-13,12599,12961,12504,12961,0,12961,362,362
273,2002-02-14,12962,13245,12908,13245,0,13245,283,283
274,2002-02-15,13222,13300,13169,13300,0,13300,78,78
275,2002-02-18,13208,13238,13027,13122,0,13122,-86,-86
276,2002-02-19,13125,13245,12984,12992,0,12992,-133,-133
277,2002-02-20,13001,13330,12919,13303,0,13303,302,302
278,2002-02-21,13328,13677,13328,13530,0,13530,202,202
279,2002-02-22,13535,13641,13513,13563,0,13563,28,28
280,2002-02-25,13567,14005,13567,13978,0,13978,411,411
281,2002-02-26,13975,14053,13832,13964,0,13964,-11,-11
282,2002-02-27,13978,14251,13978,14212,0,14212,234,234
283,2002-02-28,14216,14221,14033,14033,0,14033,-183,-183
284,2002-03-01,14047,14355,13978,14343,0,14343,296,296
285,2002-03-04,14373,14474,14100,14471,0,14471,98,98
286,2002-03-05,14455,14482,14011,14011,0,14011,-444,-444
287,2002-03-06,14007,14007,13683,13839,0,13839,-168,-168
288,2002-03-07,13836,14011,13640,13726,0,13726,-110,-110
289,2002-03-08,13783,13962,13767,13962,0,13962,179,179
290,2002-03-11,13959,14032,13593,13696,0,13696,-263,-263
291,2002-03-12,13717,14213,13710,14181,0,14181,464,464
292,2002-03-13,14191,14352,14100,14244,0,14244,53,53
293,2002-03-14,14240,14337,14025,14117,0,14117,-123,-123
294,2002-03-15,14120,14370,14089,14365,0,14365,245,245
295,2002-03-18,14366,14495,14217,14245,0,14245,-121,-121
296,2002-03-19,14266,14330,14069,14118,0,14118,-148,-148
297,2002-03-20,14123,14158,13895,14090,0,14090,-33,-33
298,2002-03-21,14086,14086,13662,13717,0,13717,-369,-369
299,2002-03-22,13723,13726,13283,13312,0,13312,-411,-411
300,2002-03-25,13359,13430,13183,13278,0,13278,-81,-81
301,2002-03-26,13309,13570,13309,13570,0,13570,261,261
302,2002-03-27,13569,13579,13425,13425,0,13425,-144,-144
303,2002-03-28,13428,13498,13226,13255,0,13255,-173,-173
304,2002-04-01,13256,13499,13068,13467,0,13467,211,211
305,2002-04-02,13482,13535,13245,13245,0,13245,-237,-237
306,2002-04-03,13280,13345,13061,13085,0,13085,-195,-195
307,2002-04-04,13090,13370,13041,13360,0,13360,270,270
308,2002-04-05,13362,13445,13233,13276,0,13276,-86,-86
309,2002-04-08,13248,13248,13114,13160,0,13160,-88,-88
310,2002-04-09,13165,13243,13147,13195,0,13195,30,30
311,2002-04-10,13183,13445,13182,13416,0,13416,233,233
312,2002-04-11,13419,13559,13385,13411,0,13411,-8,-8
313,2002-04-12,13418,13764,13418,13751,0,13751,333,333
314,2002-04-15,13772,13822,13438,13472,0,13472,-300,-300
315,2002-04-16,13476,13693,13476,13623,0,13623,147,147
316,2002-04-17,13633,13872,13633,13732,0,13732,99,99
317,2002-04-18,13729,13729,13446,13573,0,13573,-156,-156
318,2002-04-19,13568,13631,13448,13478,0,13478,-90,-90
319,2002-04-22,13484,13485,13056,13224,0,13224,-260,-260
320,2002-04-23,13224,13302,13076,13188,0,13188,-36,-36
321,2002-04-24,13182,13394,13176,13381,0,13381,199,199
322,2002-04-25,13384,13384,13113,13273,0,13273,-111,-111
323,2002-04-26,13273,13367,13037,13076,0,13076,-197,-197
324,2002-04-29,13076,13142,13032,13090,0,13090,14,14
325,2002-04-30,13096,13267,13065,13085,0,13085,-11,-11
326,2002-05-02,13088,13090,12510,12538,0,12538,-550,-550
327,2002-05-03,12557,12679,12431,12610,0,12610,53,53
328,2002-05-06,12594,12595,12272,12430,0,12430,-164,-164
329,2002-05-07,12433,12631,12291,12342,0,12342,-91,-91
330,2002-05-08,12353,12664,12353,12617,0,12617,264,264
331,2002-05-09,12602,12603,12077,12102,0,12102,-500,-500
332,2002-05-10,12106,12180,11944,12130,0,12130,24,24
333,2002-05-13,12147,12212,11943,12002,0,12002,-145,-145
334,2002-05-14,11999,12327,11999,12204,0,12204,205,205
335,2002-05-15,12207,12468,12114,12350,0,12350,143,143
336,2002-05-16,12396,12691,12396,12660,0,12660,264,264
337,2002-05-17,12665,12739,12563,12699,0,12699,34,34
338,2002-05-20,12700,12770,12606,12668,0,12668,-32,-32
339,2002-05-21,12674,12774,12627,12701,0,12701,27,27
340,2002-05-22,12697,12845,12352,12368,0,12368,-329,-329
341,2002-05-23,12380,12561,12244,12556,0,12556,176,176
342,2002-05-24,12544,12689,12445,12574,0,12574,30,30
343,2002-05-27,12578,12708,12528,12698,0,12698,120,120
344,2002-05-28,12703,12861,12703,12728,0,12728,25,25
345,2002-05-29,12728,13003,12720,12985,0,12985,257,257
346,2002-05-31,12992,13013,12861,12861,0,12861,-131,-131
347,2002-06-03,12859,12919,12641,12659,0,12659,-200,-200
348,2002-06-04,12637,12642,12493,12600,0,12600,-37,-37
349,2002-06-05,12580,12707,12574,12590,0,12590,10,10
350,2002-06-06,12591,12595,12113,12113,0,12113,-478,-478
351,2002-06-07,12051,12310,11955,12283,0,12283,232,232
352,2002-06-10,12306,12600,12304,12600,0,12600,294,294
353,2002-06-11,12609,12686,12170,12210,0,12210,-399,-399
354,2002-06-12,12221,12400,12058,12133,0,12133,-88,-88
355,2002-06-13,12133,12313,11962,11962,0,11962,-171,-171
356,2002-06-14,11985,11985,11601,11699,0,11699,-286,-286
357,2002-06-17,11705,11955,11705,11937,0,11937,232,232
358,2002-06-18,11942,12116,11809,11821,0,11821,-121,-121
359,2002-06-19,11822,11901,11485,11493,0,11493,-329,-329
360,2002-06-20,11508,11603,10894,10909,0,10909,-599,-599
361,2002-06-21,10917,11010,10298,10398,0,10398,-519,-519
362,2002-06-24,10438,10814,10247,10759,0,10759,321,321
363,2002-06-25,10773,10973,10597,10706,0,10706,-67,-67
364,2002-06-26,10676,10694,10430,10691,0,10691,15,15
365,2002-06-27,10690,11013,10690,11013,0,11013,323,323
366,2002-06-28,11018,11271,11018,11139,0,11139,121,121
367,2002-07-01,11138,11173,10853,10892,0,10892,-246,-246
368,2002-07-02,10891,10908,10711,10846,98006400,10846,-45,-45
369,2002-07-03,10854,10868,10520,10636,98006400,10636,-218,-218
370,2002-07-04,10661,10721,10594,10655,98006400,10655,-6,-6
371,2002-07-05,10663,10668,10425,10524,0,10524,-139,-139
372,2002-07-08,10524,10708,10506,10687,0,10687,163,163
373,2002-07-10,10690,10851,10539,10556,0,10556,-134,-134
374,2002-07-11,10545,10810,10467,10806,0,10806,261,261
375,2002-07-12,10811,10968,10213,10967,0,10967,156,156
376,2002-07-15,10966,10969,10474,10633,0,10633,-333,-333
377,2002-07-16,10646,10743,10522,10578,0,10578,-68,-68
378,2002-07-17,10589,10814,10589,10755,0,10755,166,166
379,2002-07-18,10755,10915,10710,10813,0,10813,58,58
380,2002-07-19,10813,10813,10545,10583,0,10583,-230,-230
381,2002-07-22,10568,10568,9879,9892,0,9892,-676,-676
382,2002-07-23,9900,10082,9603,9746,0,9746,-154,-154
383,2002-07-24,9739,9973,9423,9937,0,9937,198,198
384,2002-07-25,9947,9947,9486,9666,0,9666,-281,-281
385,2002-07-26,9672,9778,9155,9217,0,9217,-455,-455
386,2002-07-29,9251,9673,9240,9240,0,9240,-11,-11
387,2002-07-30,9247,9613,9188,9342,0,9342,95,95
388,2002-07-31,9346,9896,9344,9763,0,9763,417,417
389,2002-08-01,9782,9864,9537,9760,0,9760,-22,-22
390,2002-08-02,9768,9943,9738,9852,0,9852,84,84
391,2002-08-05,9848,9848,9452,9470,0,9470,-378,-378
392,2002-08-06,9472,9795,9471,9755,0,9755,283,283
393,2002-08-07,9766,10763,9649,9870,0,9870,104,104
394,2002-08-08,9911,10420,9911,10316,0,10316,405,405
395,2002-08-09,10315,10315,9971,9986,0,9986,-329,-329
396,2002-08-12,10008,10009,9687,9724,0,9724,-284,-284
397,2002-08-13,9724,9842,9444,9444,0,9444,-280,-280
398,2002-08-14,9461,9587,9017,9343,0,9343,-118,-118
399,2002-08-15,9373,9473,9161,9183,0,9183,-190,-190
400,2002-08-16,9213,9539,9213,9526,0,9526,313,313
401,2002-08-19,9512,9657,9404,9417,0,9417,-95,-95
402,2002-08-20,9455,9552,9258,9263,0,9263,-192,-192
403,2002-08-21,9270,9495,9270,9438,0,9438,168,168
404,2002-08-22,9441,9703,9412,9703,0,9703,262,262
405,2002-08-23,9710,9761,9594,9676,0,9676,-34,-34
406,2002-08-26,9690,10100,9689,10098,0,10098,408,408
407,2002-08-27,10118,10389,10118,10372,0,10372,254,254
408,2002-08-28,10383,10436,10231,10380,0,10380,-3,-3
409,2002-08-29,10351,10519,10175,10455,0,10455,104,104
410,2002-08-30,10465,10604,10382,10382,0,10382,-83,-83
411,2002-09-02,10383,10477,10312,10378,0,10378,-5,-5
412,2002-09-03,10365,10372,10065,10136,0,10136,-229,-229
413,2002-09-04,10167,10174,9921,9997,0,9997,-170,-170
414,2002-09-05,9993,9993,9709,9723,0,9723,-270,-270
415,2002-09-06,9739,9882,9643,9717,0,9717,-22,-22
416,2002-09-09,9725,9955,9716,9954,0,9954,229,229
417,2002-09-10,9962,10052,9841,9960,0,9960,-2,-2
418,2002-09-11,9967,10248,9967,10182,0,10182,215,215
419,2002-09-12,10182,10188,10032,10173,0,10173,-9,-9
420,2002-09-13,10156,10219,10086,10181,0,10181,25,25
421,2002-09-16,10171,10172,9822,9831,0,9831,-340,-340
422,2002-09-17,9855,9943,9613,9650,0,9650,-205,-205
423,2002-09-18,9626,9638,9399,9505,0,9505,-121,-121
424,2002-09-19,9512,9626,9353,9372,0,9372,-140,-140
425,2002-09-20,9375,9638,9375,9585,0,9585,210,210
426,2002-09-23,9575,9575,9137,9264,0,9264,-311,-311
427,2002-09-24,9245,9341,9069,9148,0,9148,-97,-97
428,2002-09-25,9207,9357,9207,9228,0,9228,21,21
429,2002-09-26,9251,9386,9170,9199,0,9199,-52,-52
430,2002-09-27,9200,9202,8703,8716,0,8716,-484,-484
431,2002-09-30,8718,8720,8352,8623,0,8623,-95,-95
432,2002-10-01,8642,9021,8637,8998,0,8998,356,356
433,2002-10-02,9011,9132,8811,8820,0,8820,-191,-191
434,2002-10-03,8852,9170,8807,9140,0,9140,288,288
435,2002-10-04,9151,9319,9092,9260,0,9260,109,109
436,2002-10-07,9268,9288,8841,8863,0,8863,-405,-405
437,2002-10-08,8870,8909,8691,8847,0,8847,-23,-23
438,2002-10-09,8838,9291,8604,8715,0,8715,-123,-123
439,2002-10-10,8708,8932,8707,8866,0,8866,158,158
440,2002-10-11,8864,9042,8832,8855,0,8855,-9,-9
441,2002-10-14,8853,8853,8430,8451,0,8451,-402,-402
442,2002-10-15,8452,8622,8446,8507,0,8507,55,55
443,2002-10-16,8510,8513,8225,8371,0,8371,-139,-139
444,2002-10-17,8397,8920,8397,8902,0,8902,505,505
445,2002-10-18,8902,9081,8873,9022,0,9022,120,120
446,2002-10-21,9022,9161,8979,9128,0,9128,106,106
447,2002-10-22,9099,9331,8982,9331,0,9331,232,232
448,2002-10-23,9342,9840,9263,9840,0,9840,498,498
449,2002-10-24,9832,10107,9763,9799,0,9799,-33,-33
450,2002-10-25,9807,10598,9698,10015,0,10015,208,208
451,2002-10-28,10022,10092,9573,9574,0,9574,-448,-448
452,2002-10-29,9570,9656,9439,9601,0,9601,31,31
453,2002-10-30,9602,10097,9602,10069,0,10069,467,467
454,2002-10-31,10099,10241,9733,10168,0,10168,69,69
455,2002-11-01,10172,10266,10043,10140,0,10140,-32,-32
456,2002-11-04,10147,10378,9913,9913,0,9913,-234,-234
457,2002-11-05,9904,10034,9825,9861,0,9861,-43,-43
458,2002-11-06,9857,9861,9583,9703,0,9703,-154,-154
459,2002-11-07,9734,9893,9618,9799,0,9799,65,65
460,2002-11-08,9859,10030,9857,9860,0,9860,1,1
461,2002-11-11,9873,9977,9868,9886,0,9886,13,13
462,2002-11-12,9864,9871,9647,9721,0,9721,-143,-143
463,2002-11-13,9721,9813,9569,9764,0,9764,43,43
464,2002-11-14,9762,9904,9738,9884,0,9884,122,122
465,2002-11-18,9910,10100,9910,9971,0,9971,61,61
466,2002-11-19,9971,10052,9839,9971,0,9971,0,0
467,2002-11-20,9983,10112,9901,10088,0,10088,105,105
468,2002-11-21,10105,10318,10086,10289,0,10289,184,184
469,2002-11-22,10288,10433,10124,10404,0,10404,116,116
470,2002-11-25,10407,10447,10234,10246,0,10246,-161,-161
471,2002-11-26,10243,10283,10084,10132,0,10132,-111,-111
472,2002-11-27,10142,10286,10123,10226,0,10226,84,84
473,2002-11-28,10222,10292,10187,10239,0,10239,17,17
474,2002-11-29,10250,10519,10250,10509,0,10509,259,259
475,2002-12-02,10517,10735,10517,10674,0,10674,157,157
476,2002-12-03,10672,10674,10576,10663,0,10663,-9,-9
477,2002-12-04,10664,10681,10505,10640,0,10640,-24,-24
478,2002-12-05,10645,10651,10346,10413,0,10413,-232,-232
479,2002-12-06,10414,10575,10412,10569,0,10569,155,155
480,2002-12-09,10562,10562,10339,10339,0,10339,-223,-223
481,2002-12-10,10345,10497,10307,10331,0,10331,-14,-14
482,2002-12-11,10340,10652,10340,10614,0,10614,274,274
483,2002-12-12,10617,10743,10569,10587,0,10587,-30,-30
484,2002-12-13,10598,10648,10494,10564,0,10564,-34,-34
485,2002-12-16,10620,10798,10611,10771,0,10771,151,151
486,2002-12-17,10778,10948,10526,10833,0,10833,55,55
487,2002-12-18,10833,11007,10723,10985,0,10985,152,152
488,2002-12-19,10987,11222,10984,11208,0,11208,221,221
489,2002-12-20,11275,11606,11262,11490,0,11490,215,215
490,2002-12-23,11493,11648,11384,11470,0,11470,-23,-23
491,2002-12-26,11475,11475,11301,11318,0,11318,-157,-157
492,2002-12-27,11326,11326,11207,11234,0,11234,-92,-92
493,2002-12-30,11235,11325,11212,11268,0,11268,33,33
494,2003-01-02,11291,11603,11291,11603,0,11603,312,312
495,2003-01-03,11632,11798,11600,11600,0,11600,-32,-32
496,2003-01-06,11636,12032,11633,12020,0,12020,384,384
497,2003-01-07,12010,12018,11842,11876,0,11876,-134,-134
498,2003-01-08,11875,11928,11757,11786,0,11786,-89,-89
499,2003-01-09,11814,11964,11780,11912,0,11912,98,98
500,2003-01-10,11925,12243,11925,12243,0,12243,318,318
501,2003-01-13,12243,12350,12095,12110,0,12110,-133,-133
502,2003-01-14,12131,12175,12052,12175,0,12175,44,44
503,2003-01-15,12151,12151,11899,11971,0,11971,-180,-180
504,2003-01-16,11973,12193,11921,11952,0,11952,-21,-21
505,2003-01-17,11952,11952,11555,11676,0,11676,-276,-276
506,2003-01-20,11675,11742,11545,11648,0,11648,-27,-27
507,2003-01-21,11610,11662,11434,11435,0,11435,-175,-175
508,2003-01-22,11428,11428,11132,11142,0,11142,-286,-286
509,2003-01-23,11148,11336,11027,11162,0,11162,14,14
510,2003-01-24,11157,11158,10753,10784,0,10784,-373,-373
511,2003-01-27,10768,10768,10462,10530,0,10530,-238,-238
512,2003-01-28,10534,10650,10495,10517,0,10517,-17,-17
513,2003-01-29,10514,10863,10457,10863,0,10863,349,349
514,2003-01-30,10873,11001,10705,10751,0,10751,-122,-122
515,2003-01-31,10761,11004,10741,10941,0,10941,180,180
516,2003-02-03,10943,11067,10852,10910,0,10910,-33,-33
517,2003-02-04,10879,10879,10534,10577,0,10577,-302,-302
518,2003-02-05,10581,10761,10497,10592,0,10592,11,11
519,2003-02-06,10587,10589,10360,10566,0,10566,-21,-21
520,2003-02-07,10567,10692,10355,10381,0,10381,-186,-186
521,2003-02-10,10388,10527,10310,10480,0,10480,92,92
522,2003-02-11,10491,10650,10475,10509,0,10509,18,18
523,2003-02-12,10512,10587,10445,10510,0,10510,-2,-2
524,2003-02-13,10509,10509,10091,10108,0,10108,-401,-401
525,2003-02-14,10103,10163,9968,10081,0,10081,-22,-22
526,2003-02-17,10089,10229,10089,10189,0,10189,100,100
527,2003-02-18,10192,10466,10166,10450,0,10450,258,258
528,2003-02-19,10434,10434,10206,10252,0,10252,-182,-182
529,2003-02-20,10259,10268,10118,10217,0,10217,-42,-42
530,2003-02-21,10222,10340,10144,10331,0,10331,109,109
531,2003-02-24,10334,10454,10251,10254,0,10254,-80,-80
532,2003-02-25,10231,10231,10022,10192,0,10192,-39,-39
533,2003-02-26,10192,10271,9977,9995,0,9995,-197,-197
534,2003-02-27,10006,10146,9998,10126,0,10126,120,120
535,2003-02-28,10153,10281,10152,10281,0,10281,128,128
536,2003-03-05,10263,10318,10104,10306,0,10306,43,43
537,2003-03-06,10311,10626,10311,10615,0,10615,304,304
538,2003-03-07,10608,10800,10438,10724,0,10724,116,116
539,2003-03-10,10695,10695,10294,10309,0,10309,-386,-386
540,2003-03-11,10314,10408,10199,10340,0,10340,26,26
541,2003-03-12,10343,10579,10290,10577,0,10577,234,234
542,2003-03-13,10606,10840,10591,10783,0,10783,177,177
543,2003-03-14,10792,10924,10755,10817,0,10817,25,25
544,2003-03-17,10783,10940,10609,10875,0,10875,92,92
545,2003-03-18,10891,11192,10891,11151,0,11151,260,260
546,2003-03-19,11143,11143,10944,11006,0,11006,-137,-137
547,2003-03-20,10993,11174,10858,11159,0,11159,166,166
548,2003-03-21,11176,11413,11176,11377,0,11377,201,201
549,2003-03-24,11362,11362,11024,11053,0,11053,-309,-309
550,2003-03-25,11047,11243,11035,11232,0,11232,185,185
551,2003-03-26,11248,11296,11186,11206,0,11206,-42,-42
552,2003-03-27,11204,11262,11036,11233,0,11233,29,29
553,2003-03-28,11273,11421,11221,11396,0,11396,123,123
554,2003-03-31,11387,11387,11215,11274,0,11274,-113,-113
555,2003-04-01,11283,11617,11283,11592,0,11592,309,309
556,2003-04-02,11615,11998,11602,11872,0,11872,257,257
557,2003-04-03,11877,12132,11876,12006,0,12006,129,129
558,2003-04-04,12014,12135,11924,12066,0,12066,52,52
559,2003-04-07,12154,12436,12120,12136,0,12136,-18,-18
560,2003-04-08,12124,12136,11732,11779,0,11779,-345,-345
561,2003-04-09,11784,11904,11754,11759,0,11759,-25,-25
562,2003-04-10,11784,11819,11578,11591,0,11591,-193,-193
563,2003-04-11,11614,11753,11608,11719,0,11719,105,105
564,2003-04-14,11726,11889,11719,11874,0,11874,148,148
565,2003-04-15,11865,12111,11828,12106,0,12106,241,241
566,2003-04-16,12120,12245,12012,12043,0,12043,-77,-77
567,2003-04-17,12052,12432,12052,12395,0,12395,343,343
568,2003-04-22,12393,12502,12245,12452,0,12452,59,59
569,2003-04-23,12455,12455,12315,12394,0,12394,-61,-61
570,2003-04-24,12370,12383,12100,12120,0,12120,-250,-250
571,2003-04-25,12124,12185,12059,12126,0,12126,2,2
572,2003-04-28,12128,12480,12009,12462,0,12462,334,334
573,2003-04-29,12470,12820,12470,12678,0,12678,208,208
574,2003-04-30,12713,12746,12557,12557,0,12557,-156,-156
575,2003-05-02,12565,12866,12542,12810,0,12810,245,245
576,2003-05-05,12829,12870,12717,12833,0,12833,4,4
577,2003-05-06,12829,12846,12608,12644,0,12644,-185,-185
578,2003-05-07,12669,12981,12664,12956,0,12956,287,287
579,2003-05-08,12969,13028,12864,12921,0,12921,-48,-48
580,2003-05-09,12950,13247,12950,13214,0,13214,264,264
581,2003-05-12,13206,13345,13096,13320,0,13320,114,114
582,2003-05-13,13322,13565,13316,13421,0,13421,99,99
583,2003-05-14,13428,13483,13336,13459,0,13459,31,31
584,2003-05-15,13465,13465,13092,13130,0,13130,-335,-335
585,2003-05-16,13143,13225,12877,13225,0,13225,82,82
586,2003-05-19,13179,13182,12732,12746,0,12746,-433,-433
587,2003-05-20,12753,12753,12576,12745,0,12745,-8,-8
588,2003-05-21,12749,13077,12711,13034,0,13034,285,285
589,2003-05-22,13031,13173,12971,13101,0,13101,70,70
590,2003-05-23,13101,13246,13029,13143,0,13143,42,42
591,2003-05-26,13149,13239,12852,12852,0,12852,-297,-297
592,2003-05-27,12861,13321,12859,13246,0,13246,385,385
593,2003-05-28,13257,13427,13257,13294,0,13294,37,37
594,2003-05-29,13303,13507,13301,13405,0,13405,102,102
595,2003-05-30,13413,13541,13312,13422,0,13422,9,9
596,2003-06-02,13441,13505,13212,13229,0,13229,-212,-212
597,2003-06-03,13231,13350,13106,13350,0,13350,119,119
598,2003-06-04,13386,13760,13374,13718,0,13718,332,332
599,2003-06-05,13690,13908,13588,13780,0,13780,90,90
600,2003-06-06,13794,14071,13794,13923,0,13923,129,129
601,2003-06-09,13926,13979,13810,13846,0,13846,-80,-80
602,2003-06-10,13869,14072,13808,13894,0,13894,25,25
603,2003-06-11,13898,13930,13721,13877,0,13877,-21,-21
604,2003-06-12,13901,14007,13738,13983,0,13983,82,82
605,2003-06-13,13980,14047,13677,13734,0,13734,-246,-246
606,2003-06-16,13737,13963,13697,13833,0,13833,96,96
607,2003-06-17,13843,13973,13732,13777,0,13777,-66,-66
608,2003-06-18,13790,13890,13372,13511,0,13511,-279,-279
609,2003-06-20,13514,13514,13105,13131,0,13131,-383,-383
610,2003-06-23,13132,13273,12895,12991,0,12991,-141,-141
611,2003-06-24,12993,13204,12993,13108,0,13108,115,115
612,2003-06-25,13110,13286,13015,13026,0,13026,-84,-84
613,2003-06-26,13031,13237,13030,13112,0,13112,81,81
614,2003-06-27,13112,13193,12976,13024,0,13024,-88,-88
615,2003-06-30,13027,13066,12930,12973,0,12973,-54,-54
616,2003-07-01,12967,13291,12893,13291,0,13291,324,324
617,2003-07-02,13292,13376,13240,13310,0,13310,18,18
618,2003-07-03,13308,13309,13134,13134,0,13134,-174,-174
619,2003-07-04,13135,13292,13067,13281,0,13281,146,146
620,2003-07-07,13274,13444,13273,13402,0,13402,128,128
621,2003-07-08,13401,13619,13339,13619,0,13619,218,218
622,2003-07-10,13622,13622,13407,13501,0,13501,-121,-121
623,2003-07-11,13498,13522,13287,13321,0,13321,-177,-177
624,2003-07-14,13322,13635,13322,13588,0,13588,266,266
625,2003-07-15,13593,13736,13568,13614,0,13614,21,21
626,2003-07-16,13613,13633,13435,13487,0,13487,-126,-126
627,2003-07-17,13487,13636,13360,13622,0,13622,135,135
628,2003-07-18,13622,13809,13622,13794,0,13794,172,172
629,2003-07-21,13794,13859,13676,13676,0,13676,-118,-118
630,2003-07-22,13676,13867,13671,13835,0,13835,159,159
631,2003-07-23,13852,13942,13755,13799,0,13799,-53,-53
632,2003-07-24,13799,13947,13755,13761,0,13761,-38,-38
633,2003-07-25,13761,13868,13661,13750,0,13750,-11,-11
634,2003-07-28,13752,13783,13605,13643,0,13643,-109,-109
635,2003-07-29,13652,13704,13577,13623,0,13623,-29,-29
636,2003-07-30,13623,13698,13453,13475,0,13475,-148,-148
637,2003-07-31,13475,13615,13475,13572,0,13572,97,97
638,2003-08-01,13579,13579,13130,13130,0,13130,-449,-449
639,2003-08-04,13128,13128,12757,12939,0,12939,-189,-189
640,2003-08-05,12940,13112,12940,13059,0,13059,119,119
641,2003-08-06,13060,13188,12839,12888,0,12888,-172,-172
642,2003-08-07,12892,13350,12892,13328,0,13328,436,436
643,2003-08-08,13333,13513,13333,13500,0,13500,167,167
644,2003-08-11,13500,13582,13442,13560,0,13560,60,60
645,2003-08-12,13559,13766,13553,13602,0,13602,43,43
646,2003-08-13,13597,13858,13542,13682,0,13682,85,85
647,2003-08-14,13683,13849,13529,13812,0,13812,129,129
648,2003-08-15,13810,13952,13744,13890,0,13890,80,80
649,2003-08-18,13900,14147,13900,14146,0,14146,246,246
650,2003-08-19,14147,14236,14091,14158,0,14158,11,11
651,2003-08-20,14158,14506,14058,14467,0,14467,309,309
652,2003-08-21,14470,14687,14398,14670,0,14670,200,200
653,2003-08-22,14670,14765,14589,14613,0,14613,-57,-57
654,2003-08-25,14613,14714,14426,14473,0,14473,-140,-140
655,2003-08-26,14475,14948,14425,14878,0,14878,403,403
656,2003-08-27,14876,15143,14876,15143,0,15143,267,267
657,2003-08-28,15151,15252,14929,15065,0,15065,-86,-86
658,2003-08-29,15065,15197,14857,15174,0,15174,109,109
659,2003-09-01,15174,15374,15075,15352,0,15352,178,178
660,2003-09-02,15352,15475,15321,15454,0,15454,102,102
661,2003-09-03,15455,15690,15455,15634,0,15634,179,179
662,2003-09-04,15635,15884,15564,15705,0,15705,70,70
663,2003-09-05,15707,15951,15610,15900,0,15900,193,193
664,2003-09-08,15904,16239,15895,16050,0,16050,146,146
665,2003-09-09,16051,16062,15699,15718,0,15718,-333,-333
666,2003-09-10,15716,15997,15492,15983,0,15983,267,267
667,2003-09-11,15985,16454,15985,16292,0,16292,307,307
668,2003-09-12,16283,16508,16058,16421,0,16421,138,138
669,2003-09-15,16423,16601,16277,16342,0,16342,-81,-81
670,2003-09-16,16354,16496,16258,16270,0,16270,-84,-84
671,2003-09-17,16280,16492,16225,16492,0,16492,212,212
672,2003-09-18,16492,16911,16424,16889,0,16889,397,397
673,2003-09-19,16890,17104,16822,16851,0,16851,-39,-39
674,2003-09-22,16850,16850,16450,16486,0,16486,-364,-364
675,2003-09-23,16488,16542,16226,16444,0,16444,-44,-44
676,2003-09-24,16446,16636,16053,16058,0,16058,-388,-388
677,2003-09-25,16058,16203,15775,15806,0,15806,-252,-252
678,2003-09-26,15807,16113,15773,15811,0,15811,4,4
679,2003-09-29,15810,16115,15768,16109,0,16109,299,299
680,2003-09-30,16109,16287,16010,16011,0,16011,-98,-98
681,2003-10-01,16010,16609,16010,16579,0,16579,569,569
682,2003-10-02,16582,17070,16582,16894,0,16894,312,312
683,2003-10-03,16898,17290,16898,17089,0,17089,191,191
684,2003-10-06,17090,17346,17026,17273,0,17273,183,183
685,2003-10-07,17278,17537,17134,17470,0,17470,192,192
686,2003-10-08,17474,17952,17474,17805,0,17805,331,331
687,2003-10-09,17805,18060,17553,17708,0,17708,-97,-97
688,2003-10-10,17699,17834,17496,17676,0,17676,-23,-23
689,2003-10-13,17676,18075,17676,18062,0,18062,386,386
690,2003-10-14,18063,18246,18063,18178,0,18178,115,115
691,2003-10-15,18176,18313,17819,17942,0,17942,-234,-234
692,2003-10-16,17944,18075,17834,17955,0,17955,11,11
693,2003-10-17,17923,17946,17679,17791,0,17791,-132,-132
694,2003-10-20,17791,18399,17770,18370,0,18370,579,579
695,2003-10-21,18370,18660,18370,18449,0,18449,79,79
696,2003-10-22,18449,18449,18221,18235,0,18235,-214,-214
697,2003-10-23,18235,18235,17592,17690,0,17690,-545,-545
698,2003-10-24,17687,17835,17340,17814,0,17814,127,127
699,2003-10-27,17820,17964,17664,17750,0,17750,-70,-70
700,2003-10-28,17750,18228,17691,18228,0,18228,478,478
701,2003-10-29,18228,18454,17945,17945,0,17945,-283,-283
702,2003-10-30,17945,18193,17731,18094,0,18094,149,149
703,2003-10-31,18095,18218,17912,17982,0,17982,-113,-113
704,2003-11-03,17983,18517,17983,18517,0,18517,534,534
705,2003-11-04,18519,18714,18456,18541,0,18541,22,22
706,2003-11-05,18545,18563,18267,18307,0,18307,-238,-238
707,2003-11-06,18307,18680,18307,18613,0,18613,306,306
708,2003-11-07,18614,18907,18614,18672,0,18672,58,58
709,2003-11-10,18672,18725,18435,18572,0,18572,-100,-100
710,2003-11-11,18572,18572,18261,18409,0,18409,-163,-163
711,2003-11-12,18409,18812,18352,18794,0,18794,385,385
712,2003-11-13,18795,19115,18677,18755,0,18755,-40,-40
713,2003-11-14,18763,19052,18712,18986,0,18986,223,223
714,2003-11-17,18985,18985,18648,18669,0,18669,-316,-316
715,2003-11-18,18669,19022,18669,18813,0,18813,144,144
716,2003-11-19,18819,18857,18610,18807,0,18807,-12,-12
717,2003-11-20,18815,19262,18815,19199,0,19199,384,384
718,2003-11-21,19197,19376,19144,19248,0,19248,51,51
719,2003-11-24,19258,19730,19258,19691,0,19691,433,433
720,2003-11-25,19694,19820,19615,19810,0,19810,116,116
721,2003-11-26,19810,20002,19667,19695,0,19695,-115,-115
722,2003-11-27,19695,19961,19616,19961,0,19961,266,266
723,2003-11-28,19962,20188,19848,20184,0,20184,222,222
724,2003-12-01,20184,20522,20184,20521,0,20521,337,337
725,2003-12-02,20523,20630,20354,20458,0,20458,-65,-65
726,2003-12-03,20462,20586,20322,20540,0,20540,78,78
727,2003-12-04,20540,20570,20323,20414,0,20414,-126,-126
728,2003-12-05,20418,20922,20418,20880,0,20880,462,462
729,2003-12-08,20882,20937,20673,20889,0,20889,7,7
730,2003-12-09,20889,21363,20889,21260,0,21260,371,371
731,2003-12-10,21258,21394,20930,20973,0,20973,-285,-285
732,2003-12-11,20971,21459,20971,21296,0,21296,325,325
733,2003-12-12,21296,21514,20873,20974,0,20974,-322,-322
734,2003-12-15,20974,21381,20709,20710,0,20710,-264,-264
735,2003-12-16,20710,20842,20544,20760,0,20760,50,50
736,2003-12-17,20763,21318,20763,21199,0,21199,436,436
737,2003-12-18,21199,21502,21195,21489,0,21489,290,290
738,2003-12-19,21489,21671,21381,21386,0,21386,-103,-103
739,2003-12-22,21386,21630,21344,21630,0,21630,244,244
740,2003-12-23,21631,21914,21631,21688,0,21688,57,57
741,2003-12-26,21688,21829,21688,21807,0,21807,119,119
742,2003-12-29,21815,22046,21815,22045,0,22045,230,230
743,2003-12-30,22051,22310,22051,22236,0,22236,185,185
744,2004-01-02,22233,22450,22208,22445,0,22445,212,212
745,2004-01-05,22445,23532,22445,23532,0,23532,1087,1087
746,2004-01-06,23532,23976,23180,23576,0,23576,44,44
747,2004-01-07,23576,23899,23320,23320,0,23320,-256,-256
748,2004-01-08,23334,23718,23122,23717,0,23717,383,383
749,2004-01-09,23722,24088,23710,23917,0,23917,195,195
750,2004-01-12,23896,24323,23892,24237,0,24237,341,341
751,2004-01-13,24237,24518,23867,23940,0,23940,-297,-297
752,2004-01-14,23947,24010,22878,23399,0,23399,-548,-548
753,2004-01-15,23400,23400,22962,22962,0,22962,-438,-438
754,2004-01-16,22964,23243,22687,23155,0,23155,191,191
755,2004-01-19,23162,23493,23090,23385,0,23385,223,223
756,2004-01-20,23382,23724,23382,23679,0,23679,297,297
757,2004-01-21,23680,23680,23213,23302,0,23302,-378,-378
758,2004-01-22,23299,23299,22682,22969,0,22969,-330,-330
759,2004-01-23,22969,23515,22740,23471,0,23471,502,502
760,2004-01-26,23471,24350,23471,24350,0,24350,879,879
761,2004-01-27,24355,24473,23908,24226,0,24226,-129,-129
762,2004-01-28,24226,24460,23787,23852,0,23852,-374,-374
763,2004-01-29,23849,23859,22300,22386,0,22386,-1463,-1463
764,2004-01-30,22384,22615,21649,21851,0,21851,-533,-533
765,2004-02-02,21842,21867,21336,21787,0,21787,-55,-55
766,2004-02-03,21794,22287,21794,22281,0,22281,487,487
767,2004-02-04,22289,22718,21555,21685,0,21685,-604,-604
768,2004-02-05,21685,21909,21077,21092,0,21092,-593,-593
769,2004-02-06,21092,21969,20598,21969,0,21969,877,877
770,2004-02-09,21970,22493,21853,21962,0,21962,-8,-8
771,2004-02-10,21936,22216,21694,22171,0,22171,235,235
772,2004-02-11,22173,23241,22057,23197,0,23197,1024,1024
773,2004-02-12,23197,23374,22929,23063,0,23063,-134,-134
774,2004-02-13,23067,23230,22188,22530,0,22530,-537,-537
775,2004-02-16,22530,22530,21901,22189,0,22189,-341,-341
776,2004-02-17,22195,22520,22017,22426,0,22426,231,231
777,2004-02-18,22430,22668,21899,22000,0,22000,-430,-430
778,2004-02-19,21998,21998,20877,20951,0,20951,-1047,-1047
779,2004-02-20,20949,21342,20092,21337,0,21337,388,388
780,2004-02-25,21341,21732,21341,21609,0,21609,268,268
781,2004-02-26,21608,21608,21180,21450,0,21450,-158,-158
782,2004-02-27,21455,21755,21448,21755,0,21755,300,300
783,2004-03-01,21761,22528,21761,22499,0,22499,738,738
784,2004-03-02,22496,22714,21942,22442,0,22442,-54,-54
785,2004-03-03,22442,22801,22191,22550,0,22550,108,108
786,2004-03-04,22542,22753,22256,22393,0,22393,-149,-149
787,2004-03-05,22397,22937,22349,22873,0,22873,476,476
788,2004-03-08,22874,23373,22874,22993,0,22993,119,119
789,2004-03-09,22993,23094,22503,22674,0,22674,-319,-319
790,2004-03-10,22674,22674,21670,21670,0,21670,-1004,-1004
791,2004-03-11,21673,21750,20756,20763,0,20763,-910,-910
792,2004-03-12,20770,21800,20770,21776,0,21776,1006,1006
793,2004-03-15,21776,21836,21162,21234,0,21234,-542,-542
794,2004-03-16,21234,21647,21234,21613,0,21613,379,379
795,2004-03-17,21620,22034,21620,21901,0,21901,281,281
796,2004-03-18,21901,22411,21679,22370,0,22370,469,469
797,2004-03-19,22370,22470,22217,22261,0,22261,-109,-109
798,2004-03-22,22248,22248,21569,21663,0,21663,-585,-585
799,2004-03-23,21663,21832,21205,21205,0,21205,-458,-458
800,2004-03-24,21202,21317,20834,20985,0,20985,-217,-217
801,2004-03-25,20985,21323,20857,21000,0,21000,15,15
802,2004-03-26,21001,21651,21001,21541,0,21541,540,540
803,2004-03-29,21544,21817,21435,21531,0,21531,-13,-13
804,2004-03-30,21531,22045,21531,22043,0,22043,512,512
805,2004-03-31,22042,22256,21873,22142,0,22142,100,100
806,2004-04-01,22142,22769,22142,22647,0,22647,505,505
807,2004-04-02,22650,23034,22629,22949,0,22949,299,299
808,2004-04-05,22949,23260,22773,23146,0,23146,197,197
809,2004-04-06,23146,23179,22859,23072,0,23072,-74,-74
810,2004-04-07,23061,23061,22443,22443,0,22443,-618,-618
811,2004-04-08,22451,22740,22307,22725,0,22725,274,274
812,2004-04-12,22725,22970,22496,22780,0,22780,55,55
813,2004-04-13,22777,22995,22555,22620,0,22620,-157,-157
814,2004-04-14,22618,22618,22165,22312,0,22312,-306,-306
815,2004-04-15,22312,22312,21483,21739,0,21739,-573,-573
816,2004-04-16,21727,21938,21592,21769,0,21769,42,42
817,2004-04-19,21773,21864,21417,21627,0,21627,-146,-146
818,2004-04-20,21627,21665,21068,21078,0,21078,-549,-549
819,2004-04-22,21078,21182,20732,21142,0,21142,64,64
820,2004-04-23,21142,21625,21142,21590,0,21590,448,448
821,2004-04-26,21588,21778,21286,21324,0,21324,-264,-264
822,2004-04-27,21324,21715,21254,21317,0,21317,-7,-7
823,2004-04-28,21317,21374,20474,20474,0,20474,-843,-843
824,2004-04-29,20481,20756,19676,19865,0,19865,-616,-616
825,2004-04-30,19871,20172,19508,19607,0,19607,-264,-264
826,2004-05-03,19622,19777,19086,19709,0,19709,87,87
827,2004-05-04,19709,20195,19709,19988,0,19988,279,279
828,2004-05-05,20013,20342,19835,20026,0,20026,13,13
829,2004-05-06,20019,20019,19189,19190,0,19190,-829,-829
830,2004-05-07,19184,19184,18573,18620,0,18620,-564,-564
831,2004-05-10,18616,18616,17601,17604,0,17604,-1012,-1012
832,2004-05-11,17607,18583,17607,18537,0,18537,930,930
833,2004-05-12,18543,18745,17885,18326,0,18326,-217,-217
834,2004-05-13,18326,18619,17902,18402,0,18402,76,76
835,2004-05-14,18421,18952,18421,18611,0,18611,190,190
836,2004-05-17,18609,18609,17973,18122,0,18122,-487,-487
837,2004-05-18,18125,18610,18125,18556,0,18556,431,431
838,2004-05-19,18602,19120,18602,18688,0,18688,86,86
839,2004-05-20,18688,18688,18229,18240,0,18240,-448,-448
840,2004-05-21,18239,18387,18041,18285,0,18285,46,46
841,2004-05-24,18288,18670,18288,18669,0,18669,381,381
842,2004-05-25,18675,18869,18590,18860,0,18860,185,185
843,2004-05-26,18860,19079,18737,19069,0,19069,209,209
844,2004-05-27,19069,19763,19061,19734,0,19734,665,665
845,2004-05-28,19734,19991,19580,19667,0,19667,-67,-67
846,2004-05-31,19672,19769,19421,19545,0,19545,-127,-127
847,2004-06-01,19545,19613,19177,19546,0,19546,1,1
848,2004-06-02,19553,19923,19553,19717,0,19717,164,164
849,2004-06-03,19723,19776,19332,19400,0,19400,-323,-323
850,2004-06-04,19404,19902,19404,19819,0,19819,415,415
851,2004-06-07,19826,20487,19826,20447,0,20447,621,621
852,2004-06-08,20447,20529,20159,20284,0,20284,-163,-163
853,2004-06-09,20269,20298,19797,19865,0,19865,-404,-404
854,2004-06-11,19865,19979,19789,19834,0,19834,-31,-31
855,2004-06-14,19833,19833,19371,19488,0,19488,-345,-345
856,2004-06-15,19496,20047,19496,20047,0,20047,551,551
857,2004-06-16,20050,20514,20006,20460,0,20460,410,410
858,2004-06-17,20460,20697,20203,20335,0,20335,-125,-125
859,2004-06-18,20330,20455,20076,20333,0,20333,3,3
860,2004-06-21,20336,20654,20274,20293,0,20293,-43,-43
861,2004-06-22,20293,20360,20070,20199,0,20199,-94,-94
862,2004-06-23,20199,20836,20199,20836,0,20836,637,637
863,2004-06-24,20837,21068,20681,20708,0,20708,-129,-129
864,2004-06-25,20708,20940,20669,20750,0,20750,42,42
865,2004-06-28,20750,20892,20351,20351,0,20351,-399,-399
866,2004-06-29,20352,20833,20352,20801,0,20801,449,449
867,2004-06-30,20809,21183,20733,21149,0,21149,340,340
868,2004-07-01,21152,21394,21094,21349,0,21349,197,197
869,2004-07-02,21349,21747,21349,21568,0,21568,219,219
870,2004-07-05,21565,21775,21429,21670,0,21670,105,105
871,2004-07-06,21669,21669,21124,21188,0,21188,-481,-481
872,2004-07-07,21190,21364,21118,21171,0,21171,-19,-19
873,2004-07-08,21167,21167,20821,20887,0,20887,-280,-280
874,2004-07-12,20885,21561,20885,21532,0,21532,647,647
875,2004-07-13,21533,21759,21456,21677,0,21677,144,144
876,2004-07-14,21676,22090,21373,21673,0,21673,-3,-3
877,2004-07-15,21679,22198,21679,22065,0,22065,386,386
878,2004-07-16,22064,22676,22064,22447,0,22447,383,383
879,2004-07-19,22445,22518,22045,22102,0,22102,-343,-343
880,2004-07-20,22115,22426,22046,22361,0,22361,246,246
881,2004-07-21,22362,22516,21776,21810,0,21810,-552,-552
882,2004-07-22,21821,21938,21490,21730,0,21730,-91,-91
883,2004-07-23,21729,22100,21559,21591,0,21591,-138,-138
884,2004-07-26,21635,21930,21056,21318,0,21318,-317,-317
885,2004-07-27,21325,21813,21236,21737,0,21737,412,412
886,2004-07-28,21740,22213,21613,22168,0,22168,428,428
887,2004-07-29,22169,22366,22019,22228,0,22228,59,59
888,2004-07-30,22224,22534,22111,22337,0,22337,113,113
889,2004-08-02,22342,22493,21929,22448,0,22448,106,106
890,2004-08-03,22453,22600,22340,22373,0,22373,-80,-80
891,2004-08-04,22370,22523,22159,22178,0,22178,-192,-192
892,2004-08-05,22174,22244,21178,21330,0,21330,-844,-844
893,2004-08-06,21341,21702,21194,21653,0,21653,312,312
894,2004-08-09,21653,21745,21243,21261,0,21261,-392,-392
895,2004-08-10,21261,21737,21261,21737,0,21737,476,476
896,2004-08-11,21736,21736,21411,21570,0,21570,-166,-166
897,2004-08-12,21574,21723,21484,21570,0,21570,-4,-4
898,2004-08-13,21570,21706,21307,21401,0,21401,-169,-169
899,2004-08-16,21404,21829,21361,21764,0,21764,360,360
900,2004-08-17,21767,22159,21767,22061,0,22061,294,294
901,2004-08-18,22059,22779,21898,22779,0,22779,720,720
902,2004-08-19,22779,23285,22772,22935,0,22935,156,156
903,2004-08-20,22935,23381,22919,23196,0,23196,261,261
904,2004-08-23,23205,23241,22773,22852,0,22852,-353,-353
905,2004-08-24,22863,23111,22743,22870,0,22870,7,7
906,2004-08-25,22870,23166,22745,23058,0,23058,188,188
907,2004-08-26,23047,23047,22479,22582,0,22582,-465,-465
908,2004-08-27,22583,22801,22504,22597,0,22597,14,14
909,2004-08-30,22600,22869,22316,22869,0,22869,269,269
910,2004-08-31,22886,23071,22685,22803,0,22803,-83,-83
911,2004-09-01,22803,22971,22363,22513,0,22513,-290,-290
912,2004-09-02,22516,22768,22267,22688,0,22688,172,172
913,2004-09-03,22688,22769,22378,22415,0,22415,-273,-273
914,2004-09-06,22416,22537,22416,22502,0,22502,86,86
915,2004-09-08,22508,22977,22508,22534,0,22534,26,26
916,2004-09-09,22536,22622,22071,22286,0,22286,-250,-250
917,2004-09-10,22276,22299,21846,21968,0,21968,-308,-308
918,2004-09-13,21970,22226,21739,21809,0,21809,-161,-161
919,2004-09-14,21810,22348,21741,22309,0,22309,499,499
920,2004-09-15,22310,22577,22213,22344,0,22344,34,34
921,2004-09-16,22346,22897,22346,22876,0,22876,530,530
922,2004-09-17,22876,23190,22876,23074,0,23074,198,198
923,2004-09-20,23079,23485,23078,23078,0,23078,-1,-1
924,2004-09-21,23078,23268,22916,23106,0,23106,28,28
925,2004-09-22,23106,23207,22697,22749,0,22749,-357,-357
926,2004-09-23,22749,23006,22749,22944,0,22944,195,195
927,2004-09-24,22944,23110,22892,22972,0,22972,28,28
928,2004-09-27,22981,22981,22733,22834,0,22834,-147,-147
929,2004-09-28,22834,23275,22593,23231,0,23231,397,397
930,2004-09-29,23230,23287,23069,23208,0,23208,-22,-22
931,2004-09-30,23210,23423,23183,23245,0,23245,35,35
932,2004-10-01,23246,23777,23246,23777,0,23777,531,531
933,2004-10-04,23784,24173,23784,24150,0,24150,366,366
934,2004-10-05,24150,24362,23946,24205,0,24205,55,55
935,2004-10-06,24205,24205,23899,24027,0,24027,-178,-178
936,2004-10-07,24014,24141,23814,24104,0,24104,90,90
937,2004-10-08,24120,24346,23914,23927,0,23927,-193,-193
938,2004-10-11,23928,24091,23921,23954,0,23954,26,26
939,2004-10-13,23953,24066,23068,23289,0,23289,-664,-664
940,2004-10-14,23287,23287,22865,22959,0,22959,-328,-328
941,2004-10-15,22961,23422,22961,23368,0,23368,407,407
942,2004-10-18,23368,23448,23021,23411,0,23411,43,43
943,2004-10-19,23411,23621,22887,22893,0,22893,-518,-518
944,2004-10-20,22893,22929,22565,22873,0,22873,-20,-20
945,2004-10-21,22873,23116,22779,23059,0,23059,186,186
946,2004-10-22,23061,23326,22692,22735,0,22735,-326,-326
947,2004-10-25,22735,22735,22390,22603,0,22603,-132,-132
948,2004-10-26,22603,22849,22557,22849,0,22849,246,246
949,2004-10-27,22861,23228,22783,23171,0,23171,310,310
950,2004-10-28,23171,23171,22826,22929,0,22929,-242,-242
951,2004-10-29,22945,23089,22877,23052,0,23052,107,107
952,2004-11-01,23050,23309,22941,23273,0,23273,223,223
953,2004-11-03,23275,23770,23275,23660,0,23660,385,385
954,2004-11-04,23660,23963,23629,23880,0,23880,220,220
955,2004-11-05,23864,24000,23499,23542,0,23542,-322,-322
956,2004-11-08,23542,23542,23072,23212,0,23212,-330,-330
957,2004-11-09,23213,23305,23022,23216,0,23216,3,3
958,2004-11-10,23223,23479,23223,23455,0,23455,232,232
959,2004-11-11,23457,23521,23192,23521,0,23521,64,64
960,2004-11-12,23524,24035,23524,24035,0,24035,511,511
961,2004-11-16,24035,24035,23698,23772,0,23772,-263,-263
962,2004-11-17,23772,24289,23772,24170,0,24170,398,398
963,2004-11-18,24167,24325,23845,24143,0,24143,-24,-24
964,2004-11-19,24147,24361,23848,24034,0,24034,-113,-113
965,2004-11-22,24034,24508,23839,24445,0,24445,411,411
966,2004-11-23,24446,24684,24290,24340,0,24340,-106,-106
967,2004-11-24,24339,24641,24339,24368,0,24368,29,29
968,2004-11-25,24372,24872,24372,24867,0,24867,495,495
969,2004-11-26,24867,25072,24756,24998,0,24998,131,131
970,2004-11-29,25000,25084,24653,24855,0,24855,-145,-145
971,2004-11-30,24855,25160,24736,25128,0,25128,273,273
972,2004-12-01,25129,25381,25118,25235,0,25235,106,106
973,2004-12-02,25235,25360,25057,25200,0,25200,-35,-35
974,2004-12-03,25218,25604,25218,25468,0,25468,250,250
975,2004-12-06,25474,25709,25430,25633,0,25633,159,159
976,2004-12-07,25632,25667,24945,24989,0,24989,-643,-643
977,2004-12-08,24988,25041,24615,24968,0,24968,-20,-20
978,2004-12-09,24970,25053,24452,24526,0,24526,-444,-444
979,2004-12-10,24530,24954,24494,24933,0,24933,403,403
980,2004-12-13,24933,25260,24867,25225,0,25225,292,292
981,2004-12-14,25226,25568,25226,25563,0,25563,337,337
982,2004-12-15,25568,25919,25363,25576,0,25576,8,8
983,2004-12-16,25561,25877,25543,25831,0,25831,270,270
984,2004-12-17,25835,25835,25474,25659,0,25659,-176,-176
985,2004-12-20,25661,25772,25456,25537,0,25537,-124,-124
986,2004-12-21,25537,25898,25465,25890,0,25890,353,353
987,2004-12-22,25892,26075,25713,25723,0,25723,-169,-169
988,2004-12-23,25719,25971,25618,25878,0,25878,159,159
989,2004-12-27,25862,26084,25862,25937,0,25937,75,75
990,2004-12-28,25937,26145,25919,26117,0,26117,180,180
991,2004-12-29,26117,26245,26091,26161,0,26161,44,44
992,2004-12-30,26171,26270,26108,26196,0,26196,25,25
993,2005-01-03,26193,26492,25671,25722,0,25722,-471,-471
994,2005-01-04,25722,25873,24791,24848,0,24848,-874,-874
995,2005-01-05,24859,25001,24523,24692,0,24692,-167,-167
996,2005-01-06,24695,24808,24250,24367,0,24367,-328,-328
997,2005-01-07,24376,24874,24376,24747,0,24747,371,371
998,2005-01-10,24747,24825,24086,24292,0,24292,-455,-455
999,2005-01-11,24295,24457,24127,24370,0,24370,75,75
1000,2005-01-12,24370,24560,23983,24510,0,24510,140,140
1001,2005-01-13,24523,24919,24523,24806,0,24806,283,283
1002,2005-01-14,24802,24966,24481,24924,0,24924,122,122
1003,2005-01-17,24924,25022,24515,24515,0,24515,-409,-409
1004,2005-01-18,24515,24515,24019,24089,0,24089,-426,-426
1005,2005-01-19,24091,24465,24091,24271,0,24271,180,180
1006,2005-01-20,24271,24271,23534,23610,0,23610,-661,-661
1007,2005-01-21,23618,24006,23609,23818,0,23818,200,200
1008,2005-01-24,23819,24302,23813,24198,0,24198,379,379
1009,2005-01-26,24207,24555,24207,24530,0,24530,323,323
1010,2005-01-27,24529,24529,23869,24030,0,24030,-499,-499
1011,2005-01-28,24006,24056,23595,23968,0,23968,-38,-38
1012,2005-01-31,23970,24399,23970,24351,0,24351,381,381
1013,2005-02-01,24392,24506,24073,24149,0,24149,-243,-243
1014,2005-02-02,24150,24624,24139,24605,0,24605,455,455
1015,2005-02-03,24606,24896,24548,24874,0,24874,268,268
1016,2005-02-04,24874,25736,24818,25732,0,25732,858,858
1017,2005-02-09,25733,26314,25733,26314,0,26314,581,581
1018,2005-02-10,26314,26456,25882,26416,0,26416,102,102
1019,2005-02-11,26414,26786,26132,26671,0,26671,257,257
1020,2005-02-14,26660,26753,26321,26532,0,26532,-128,-128
1021,2005-02-15,26532,26660,26212,26610,0,26610,78,78
1022,2005-02-16,26611,26683,26312,26384,0,26384,-227,-227
1023,2005-02-17,26385,27159,26385,27091,0,27091,706,706
1024,2005-02-18,27086,27184,26707,26756,0,26756,-330,-330
1025,2005-02-21,26730,27094,26698,26853,0,26853,123,123
1026,2005-02-22,26856,27329,26620,26740,0,26740,-116,-116
1027,2005-02-23,26746,27198,26746,27198,0,27198,452,452
1028,2005-02-24,27198,28436,27198,28436,0,28436,1238,1238
1029,2005-02-25,28429,28778,28178,28425,0,28425,-4,-4
1030,2005-02-28,28423,28555,27799,28139,0,28139,-284,-284
1031,2005-03-01,28135,28137,27643,27730,0,27730,-405,-405
1032,2005-03-02,27730,28200,27498,28200,0,28200,470,470
1033,2005-03-03,28204,28766,28204,28668,0,28668,464,464
1034,2005-03-04,28676,29228,28676,29197,0,29197,521,521
1035,2005-03-07,29464,29584,29183,29455,0,29455,-9,-9
1036,2005-03-08,29452,29452,28883,29021,0,29021,-431,-431
1037,2005-03-09,29018,29058,28381,28514,0,28514,-504,-504
1038,2005-03-10,28511,28682,28049,28567,0,28567,56,56
1039,2005-03-11,28567,28932,28008,28075,0,28075,-492,-492
1040,2005-03-14,28075,28135,27715,28099,0,28099,24,24
1041,2005-03-15,28107,28300,27455,27588,0,27588,-519,-519
1042,2005-03-16,27587,27841,27260,27827,0,27827,240,240
1043,2005-03-17,27824,28162,27319,28086,0,28086,262,262
1044,2005-03-18,28088,28174,27498,27593,0,27593,-495,-495
1045,2005-03-21,27587,27633,27214,27411,0,27411,-176,-176
1046,2005-03-22,27419,27844,26480,26618,0,26618,-801,-801
1047,2005-03-23,26613,26792,26131,26248,0,26248,-365,-365
1048,2005-03-24,26267,26827,26267,26702,0,26702,435,435
1049,2005-03-28,26705,26705,26224,26257,0,26257,-448,-448
1050,2005-03-29,26259,26620,25761,25842,0,25842,-417,-417
1051,2005-03-30,25861,26470,25861,26470,0,26470,609,609
1052,2005-03-31,26471,26768,26259,26611,0,26611,140,140
1053,2005-04-01,26612,27178,26612,26774,0,26774,162,162
1054,2005-04-04,26770,26770,26204,26407,0,26407,-363,-363
1055,2005-04-05,26407,26724,25965,26038,0,26038,-369,-369
1056,2005-04-06,26038,26254,25615,25695,0,25695,-343,-343
1057,2005-04-07,25695,26308,25656,26308,0,26308,613,613
1058,2005-04-08,26305,26310,25826,25885,0,25885,-420,-420
1059,2005-04-11,25884,25943,25695,25900,0,25900,16,16
1060,2005-04-12,25900,26324,25611,26206,0,26206,306,306
1061,2005-04-13,26206,26579,26057,26066,0,26066,-140,-140
1062,2005-04-14,26069,26113,24949,24984,0,24984,-1085,-1085
1063,2005-04-15,25000,25115,24575,24656,0,24656,-344,-344
1064,2005-04-18,24656,24965,24420,24877,0,24877,221,221
1065,2005-04-19,24877,25566,24877,25566,0,25566,689,689
1066,2005-04-20,25566,25692,24954,25062,0,25062,-504,-504
1067,2005-04-22,25062,25428,24691,24767,0,24767,-295,-295
1068,2005-04-25,24769,25297,24744,25232,0,25232,463,463
1069,2005-04-26,25232,25563,25067,25305,0,25305,73,73
1070,2005-04-27,25295,25295,24886,25242,0,25242,-53,-53
1071,2005-04-28,25238,25238,24423,24440,0,24440,-798,-798
1072,2005-04-29,24454,24858,24154,24844,0,24844,390,390
1073,2005-05-02,24847,24904,24468,24705,0,24705,-142,-142
1074,2005-05-03,24711,24926,24548,24716,0,24716,5,5
1075,2005-05-04,24738,25560,24738,25474,0,25474,736,736
1076,2005-05-05,25478,25697,25225,25436,0,25436,-42,-42
1077,2005-05-06,25437,25808,25437,25589,0,25589,152,152
1078,2005-05-09,25593,25623,25404,25465,0,25465,-128,-128
1079,2005-05-10,25467,25530,24636,24763,0,24763,-704,-704
1080,2005-05-11,24765,24837,24290,24699,0,24699,-66,-66
1081,2005-05-12,24699,24923,23985,24117,0,24117,-582,-582
1082,2005-05-13,24115,24260,23680,23887,0,23887,-228,-228
1083,2005-05-16,23883,24381,23765,24379,0,24379,496,496
1084,2005-05-17,24362,24513,24024,24413,0,24413,51,51
1085,2005-05-18,24410,24967,24410,24898,0,24898,488,488
1086,2005-05-19,24882,24882,24530,24829,0,24829,-53,-53
1087,2005-05-20,24827,24836,24494,24522,0,24522,-305,-305
1088,2005-05-23,24525,24586,24208,24215,0,24215,-310,-310
1089,2005-05-24,24215,24583,24012,24545,0,24545,330,330
1090,2005-05-25,24541,24682,24345,24478,0,24478,-63,-63
1091,2005-05-27,24480,25270,24480,25255,0,25255,775,775
1092,2005-05-30,25248,25616,25215,25424,0,25424,176,176
1093,2005-05-31,25426,25633,25154,25207,0,25207,-219,-219
1094,2005-06-01,25209,25993,25209,25949,0,25949,740,740
1095,2005-06-02,25950,26755,25930,26640,0,26640,690,690
1096,2005-06-03,26642,26692,26145,26366,0,26366,-276,-276
1097,2005-06-06,26363,26363,25217,25556,0,25556,-807,-807
1098,2005-06-07,25556,25556,24933,25026,0,25026,-530,-530
1099,2005-06-08,25026,25423,24645,24702,0,24702,-324,-324
1100,2005-06-09,24702,24702,24224,24484,0,24484,-218,-218
1101,2005-06-10,24484,25049,24484,24951,0,24951,467,467
1102,2005-06-13,24955,25309,24846,24902,0,24902,-53,-53
1103,2005-06-14,24898,25789,24330,25744,0,25744,846,846
1104,2005-06-15,25744,25744,24916,25481,0,25481,-263,-263
1105,2005-06-16,25479,25895,25479,25751,0,25751,272,272
1106,2005-06-17,25752,26267,25752,26093,0,26093,341,341
1107,2005-06-20,26093,26142,25764,26046,0,26046,-47,-47
1108,2005-06-21,26046,26130,25578,25722,0,25722,-324,-324
1109,2005-06-22,25730,25755,25324,25678,0,25678,-52,-52
1110,2005-06-23,25678,25704,24816,24816,0,24816,-862,-862
1111,2005-06-24,24811,25011,24725,24917,0,24917,106,106
1112,2005-06-27,24917,25306,24640,25226,0,25226,309,309
1113,2005-06-28,25226,25454,25098,25261,0,25261,35,35
1114,2005-06-29,25267,25451,25031,25126,0,25126,-141,-141
1115,2005-06-30,25132,25279,25051,25051,0,25051,-81,-81
1116,2005-07-01,25051,25409,25047,25311,0,25311,260,260
1117,2005-07-04,25314,25314,24899,25045,0,25045,-269,-269
1118,2005-07-05,25042,25059,24526,24675,0,24675,-367,-367
1119,2005-07-06,24677,24677,24267,24517,0,24517,-160,-160
1120,2005-07-07,24513,24603,24192,24450,0,24450,-63,-63
1121,2005-07-08,24452,24657,24287,24423,0,24423,-29,-29
1122,2005-07-11,24425,25032,24425,25016,0,25016,591,591
1123,2005-07-12,25027,25576,24932,25536,0,25536,509,509
1124,2005-07-13,25557,26043,25557,25856,0,25856,299,299
1125,2005-07-14,25859,26142,25725,25920,0,25920,61,61
1126,2005-07-15,25916,25916,25222,25222,0,25222,-694,-694
1127,2005-07-18,25222,25412,24916,25321,0,25321,99,99
1128,2005-07-19,25312,25312,24960,25271,0,25271,-41,-41
1129,2005-07-20,25268,25795,24970,25705,0,25705,437,437
1130,2005-07-21,25706,25964,25505,25842,0,25842,136,136
1131,2005-07-22,25834,25848,25244,25391,0,25391,-443,-443
1132,2005-07-25,25388,25388,24410,24531,0,24531,-857,-857
1133,2005-07-26,24506,24899,24328,24868,0,24868,362,362
1134,2005-07-27,24882,25362,24774,25338,0,25338,456,456
1135,2005-07-28,25340,26125,25340,26068,0,26068,728,728
1136,2005-07-29,26065,26306,25946,26042,0,26042,-23,-23
1137,2005-08-01,26042,26452,25911,26298,0,26298,256,256
1138,2005-08-02,26325,26824,26325,26789,0,26789,464,464
1139,2005-08-03,26789,27317,26638,26714,0,26714,-75,-75
1140,2005-08-04,26714,26960,26440,26470,0,26470,-244,-244
1141,2005-08-05,26469,26881,26350,26518,0,26518,49,49
1142,2005-08-08,26521,26985,26521,26711,0,26711,190,190
1143,2005-08-09,26711,27291,26711,27291,0,27291,580,580
1144,2005-08-10,27291,27606,26935,27117,0,27117,-174,-174
1145,2005-08-11,27099,27512,26494,26633,0,26633,-466,-466
1146,2005-08-12,26629,26951,25734,26951,0,26951,322,322
1147,2005-08-15,26960,27413,26944,27375,0,27375,415,415
1148,2005-08-16,27376,27696,26967,27080,0,27080,-296,-296
1149,2005-08-17,27084,27519,27057,27416,0,27416,332,332
1150,2005-08-18,27395,27419,26806,26900,0,26900,-495,-495
1151,2005-08-19,26909,27183,26129,26644,0,26644,-265,-265
1152,2005-08-22,26647,27287,26647,27261,0,27261,614,614
1153,2005-08-23,27261,27264,26648,26769,0,26769,-492,-492
1154,2005-08-24,26769,26862,26479,26712,0,26712,-57,-57
1155,2005-08-25,26712,27403,26712,27402,0,27402,690,690
1156,2005-08-26,27397,27422,27008,27095,0,27095,-302,-302
1157,2005-08-29,27113,27432,26981,27385,0,27385,272,272
1158,2005-08-30,27385,27619,27339,27604,0,27604,219,219
1159,2005-08-31,27626,28072,27626,28045,0,28045,419,419
1160,2005-09-01,28044,28237,27799,27962,0,27962,-82,-82
1161,2005-09-02,27972,28347,27972,28319,0,28319,347,347
1162,2005-09-05,28322,28579,28322,28522,0,28522,200,200
1163,2005-09-06,28523,28855,28338,28855,0,28855,332,332
1164,2005-09-08,28855,28956,28709,28828,0,28828,-27,-27
1165,2005-09-09,28837,29387,28820,29308,0,29308,471,471
1166,2005-09-12,29308,29331,28991,29086,0,29086,-222,-222
1167,2005-09-13,29084,29194,28814,28873,0,28873,-211,-211
1168,2005-09-14,28874,29152,28842,29050,0,29050,176,176
1169,2005-09-15,29048,29561,29048,29366,0,29366,318,318
1170,2005-09-16,29368,29863,29368,29816,0,29816,448,448
1171,2005-09-19,29816,30076,29715,30076,0,30076,260,260
1172,2005-09-20,30076,30370,29889,30059,0,30059,-17,-17
1173,2005-09-21,30059,30890,29815,30837,0,30837,778,778
1174,2005-09-22,30839,30931,30422,30678,0,30678,-161,-161
1175,2005-09-23,30683,31371,30683,31294,0,31294,611,611
1176,2005-09-26,31301,31565,30957,31141,0,31141,-160,-160
1177,2005-09-27,31146,31219,30593,30875,0,30875,-271,-271
1178,2005-09-28,30879,31405,30879,31317,0,31317,438,438
1179,2005-09-29,31318,31524,30839,31209,0,31209,-109,-109
1180,2005-09-30,31209,31584,31135,31584,0,31584,375,375
1181,2005-10-03,31582,31985,31542,31856,0,31856,274,274
1182,2005-10-04,31857,32052,31235,31284,0,31284,-573,-573
1183,2005-10-05,31272,31272,30118,30164,0,30164,-1108,-1108
1184,2005-10-06,30165,30241,28893,29227,0,29227,-938,-938
1185,2005-10-07,29227,30213,29227,29973,0,29973,746,746
1186,2005-10-10,29982,30502,29982,30277,0,30277,295,295
1187,2005-10-11,30275,30775,30275,30614,0,30614,339,339
1188,2005-10-13,30561,30561,29337,29880,0,29880,-681,-681
1189,2005-10-14,29880,30251,29090,29770,0,29770,-110,-110
1190,2005-10-17,29777,30377,29777,30242,0,30242,465,465
1191,2005-10-18,30241,30451,29068,29068,0,29068,-1173,-1173
1192,2005-10-19,29072,29558,28596,29297,0,29297,225,225
1193,2005-10-20,29300,29975,28161,28344,0,28344,-956,-956
1194,2005-10-21,28346,29176,28346,29176,0,29176,830,830
1195,2005-10-24,29176,29835,29120,29835,0,29835,659,659
1196,2005-10-25,29837,30095,29396,29498,0,29498,-339,-339
1197,2005-10-26,29492,29971,29244,29730,0,29730,238,238
1198,2005-10-27,29730,29842,29005,29133,0,29133,-597,-597
1199,2005-10-28,29133,29567,29133,29318,0,29318,185,185
1200,2005-10-31,29333,30252,29333,30194,0,30194,861,861
1201,2005-11-01,30194,30981,30194,30900,0,30900,706,706
1202,2005-11-03,30899,31487,30899,31100,0,31100,201,201
1203,2005-11-04,31080,31234,30584,30888,0,30888,-192,-192
1204,2005-11-07,30888,31363,30728,30952,0,30952,64,64
1205,2005-11-08,30951,31078,30587,30971,0,30971,20,20
1206,2005-11-09,30971,31232,30493,30666,0,30666,-305,-305
1207,2005-11-10,30665,30726,30218,30725,0,30725,60,60
1208,2005-11-11,30722,30746,30385,30511,0,30511,-211,-211
1209,2005-11-14,30510,30510,29948,30219,0,30219,-291,-291
1210,2005-11-16,30219,30516,30157,30482,0,30482,263,263
1211,2005-11-17,30483,31248,30483,31087,0,31087,604,604
1212,2005-11-18,31087,31180,30887,31102,0,31102,15,15
1213,2005-11-21,31102,31291,30969,31110,0,31110,8,8
1214,2005-11-22,31110,31500,30473,31489,0,31489,379,379
1215,2005-11-23,31489,32014,31489,31943,0,31943,454,454
1216,2005-11-24,31938,32123,31678,31945,0,31945,7,7
1217,2005-11-25,31947,32059,31840,31920,0,31920,-27,-27
1218,2005-11-28,31920,32350,31337,31358,0,31358,-562,-562
1219,2005-11-29,31360,31767,31360,31652,0,31652,292,292
1220,2005-11-30,31652,31918,31296,31917,0,31917,265,265
1221,2005-12-01,31921,32700,31921,32617,0,32617,696,696
1222,2005-12-02,32617,32936,32617,32832,0,32832,215,215
1223,2005-12-05,32835,32910,32547,32701,0,32701,-134,-134
1224,2005-12-06,32712,33332,32712,33223,0,33223,511,511
1225,2005-12-07,33225,33271,32649,32757,0,32757,-468,-468
1226,2005-12-08,32756,32997,32476,32480,0,32480,-276,-276
1227,2005-12-09,32483,32971,32483,32922,0,32922,439,439
1228,2005-12-12,32925,33299,32868,32971,0,32971,46,46
1229,2005-12-13,32971,33432,32835,33420,0,33420,449,449
1230,2005-12-14,33420,33837,33369,33629,0,33629,209,209
1231,2005-12-15,33625,33799,33103,33193,0,33193,-432,-432
1232,2005-12-16,33193,33579,33193,33292,0,33292,99,99
1233,2005-12-19,33284,33496,32908,33005,0,33005,-279,-279
1234,2005-12-20,33008,33140,32768,33067,0,33067,59,59
1235,2005-12-21,33068,33553,33068,33517,0,33517,449,449
1236,2005-12-22,33521,33652,33463,33513,0,33513,-8,-8
1237,2005-12-23,33509,33575,33280,33331,0,33331,-178,-178
1238,2005-12-26,33331,33435,33140,33298,0,33298,-33,-33
1239,2005-12-27,33297,33631,33239,33371,0,33371,74,74
1240,2005-12-28,33371,33463,32965,33138,0,33138,-233,-233
1241,2005-12-29,33137,33456,33137,33456,0,33456,319,319
1242,2006-01-02,33462,33519,32860,33507,0,33507,45,45
1243,2006-01-03,33507,34563,33507,34541,0,34541,1034,1034
1244,2006-01-04,34540,35223,34540,35002,0,35002,462,462
1245,2006-01-05,35006,35088,34681,34936,0,34936,-70,-70
1246,2006-01-06,35170,35529,34940,35475,0,35475,305,305
1247,2006-01-09,35475,35601,35108,35337,0,35337,-138,-138
1248,2006-01-10,35338,35338,34687,35049,0,35049,-289,-289
1249,2006-01-11,35050,35953,35050,35952,0,35952,902,902
1250,2006-01-12,35953,36286,35641,35779,0,35779,-174,-174
1251,2006-01-13,35779,35951,35480,35897,0,35897,118,118
1252,2006-01-16,35897,36534,35891,36534,0,36534,637,637
1253,2006-01-17,36534,36534,35817,36119,0,36119,-415,-415
1254,2006-01-18,36115,36115,35380,35805,0,35805,-310,-310
1255,2006-01-19,35813,36979,35813,36858,0,36858,1045,1045
1256,2006-01-20,36857,36938,36432,36695,0,36695,-162,-162
1257,2006-01-23,36687,36771,36213,36632,0,36632,-55,-55
1258,2006-01-24,36632,37428,36632,37400,0,37400,768,768
1259,2006-01-26,37402,38031,37402,38014,0,38014,612,612
1260,2006-01-27,38018,38804,37688,37822,0,37822,-196,-196
1261,2006-01-30,37824,38276,37501,38242,0,38242,418,418
1262,2006-01-31,38243,38456,37630,38383,0,38383,140,140
1263,2006-02-01,38382,38500,37886,38485,0,38485,103,103
1264,2006-02-02,38482,38508,37237,37304,0,37304,-1178,-1178
1265,2006-02-03,37304,37609,36526,37262,0,37262,-42,-42
1266,2006-02-06,37262,37776,37229,37321,0,37321,59,59
1267,2006-02-07,37320,37376,36556,36562,0,36562,-758,-758
1268,2006-02-08,36553,36784,36183,36499,0,36499,-54,-54
1269,2006-02-09,36501,37177,36501,36882,0,36882,381,381
1270,2006-02-10,36886,37813,36633,36975,0,36975,89,89
1271,2006-02-13,36975,37076,36114,36114,0,36114,-861,-861
1272,2006-02-14,36117,36734,35891,36627,0,36627,510,510
1273,2006-02-15,36629,37447,36422,37239,0,37239,610,610
1274,2006-02-16,37245,38268,37245,38256,0,38256,1011,1011
1275,2006-02-17,38256,38642,38256,38422,0,38422,166,166
1276,2006-02-20,38418,38678,38032,38539,0,38539,121,121
1277,2006-02-21,38541,38978,38166,38166,0,38166,-375,-375
1278,2006-02-22,38166,38633,38056,38246,0,38246,80,80
1279,2006-02-23,38242,38522,37747,38405,0,38405,163,163
1280,2006-02-24,38406,38610,38337,38610,0,38610,204,204
1281,2006-03-01,38610,39203,38533,39178,0,39178,568,568
1282,2006-03-02,39182,39367,38989,39126,0,39126,-56,-56
1283,2006-03-03,39129,39356,38716,39240,0,39240,111,111
1284,2006-03-06,39241,39395,38348,38354,0,38354,-887,-887
1285,2006-03-07,38350,38350,37130,37423,0,37423,-927,-927
1286,2006-03-08,37421,37421,36446,37289,0,37289,-132,-132
1287,2006-03-09,37289,37739,36085,36312,0,36312,-977,-977
1288,2006-03-10,36328,37161,36218,36891,0,36891,563,563
1289,2006-03-13,36891,37259,36513,36793,0,36793,-98,-98
1290,2006-03-14,36789,37541,36417,37541,0,37541,752,752
1291,2006-03-15,37546,38341,37543,38244,0,38244,698,698
1292,2006-03-16,38245,38578,37962,38157,0,38157,-88,-88
1293,2006-03-17,38159,38268,37769,38049,0,38049,-110,-110
1294,2006-03-20,38049,38500,37978,38204,0,38204,155,155
1295,2006-03-21,38204,38204,37351,37398,0,37398,-806,-806
1296,2006-03-22,37398,37851,37156,37851,0,37851,453,453
1297,2006-03-23,37850,38128,37207,37474,0,37474,-376,-376
1298,2006-03-24,37473,37775,37301,37577,0,37577,104,104
1299,2006-03-27,37577,37893,37153,37641,0,37641,64,64
1300,2006-03-28,37640,37731,36682,36682,0,36682,-958,-958
1301,2006-03-29,36684,37492,36684,37492,0,37492,808,808
1302,2006-03-30,37493,38089,37469,37777,0,37777,284,284
1303,2006-03-31,37783,38016,37619,37952,0,37952,169,169
1304,2006-04-03,37952,38851,37952,38717,0,38717,765,765
1305,2006-04-04,38718,39086,38606,38802,0,38802,84,84
1306,2006-04-05,38803,39054,38475,39053,0,39053,250,250
1307,2006-04-06,39053,39310,38700,39285,0,39285,232,232
1308,2006-04-07,39285,39397,38630,38926,0,38926,-359,-359
1309,2006-04-10,38927,38927,38239,38475,0,38475,-452,-452
1310,2006-04-11,38478,38885,37823,37901,0,37901,-577,-577
1311,2006-04-12,37901,38448,37816,38427,0,38427,526,526
1312,2006-04-13,38426,38479,37984,38082,0,38082,-344,-344
1313,2006-04-17,38086,38698,38086,38462,0,38462,376,376
1314,2006-04-18,38466,39584,38466,39572,0,39572,1106,1106
1315,2006-04-19,39581,40026,39492,39938,0,39938,357,357
1316,2006-04-20,39941,40278,39435,39775,0,39775,-166,-166
1317,2006-04-24,39775,40089,39616,39751,0,39751,-24,-24
1318,2006-04-25,39753,39953,39577,39738,0,39738,-15,-15
1319,2006-04-26,39739,40422,39739,40410,0,40410,671,671
1320,2006-04-27,40410,40410,39631,39751,0,39751,-659,-659
1321,2006-04-28,39752,40425,39752,40363,0,40363,611,611
1322,2006-05-02,40365,41017,40277,41017,0,41017,652,652
1323,2006-05-03,41016,41068,40574,40920,0,40920,-96,-96
1324,2006-05-04,40926,41258,40894,40976,0,40976,50,50
1325,2006-05-05,40976,41449,40976,41417,0,41417,441,441
1326,2006-05-08,41417,41693,41095,41515,0,41515,98,98
1327,2006-05-09,41505,42016,41446,41979,0,41979,474,474
1328,2006-05-10,41981,41985,41418,41752,0,41752,-229,-229
1329,2006-05-11,41758,42062,40777,40847,0,40847,-911,-911
1330,2006-05-12,40847,40862,40121,40223,0,40223,-624,-624
1331,2006-05-15,39688,40209,38871,39271,0,39271,-417,-417
1332,2006-05-16,39271,39953,38923,39416,0,39416,145,145
1333,2006-05-17,39411,39411,38099,38291,0,38291,-1120,-1120
1334,2006-05-18,38290,38591,37807,37807,0,37807,-483,-483
1335,2006-05-19,37820,38465,37325,37733,0,37733,-87,-87
1336,2006-05-22,37732,37732,35664,36497,0,36497,-1235,-1235
1337,2006-05-23,36498,37567,36099,36110,0,36110,-388,-388
1338,2006-05-24,36104,36341,34911,35792,0,35792,-312,-312
1339,2006-05-25,35794,37569,35794,37569,0,37569,1775,1775
1340,2006-05-26,37574,38510,37574,38506,0,38506,932,932
1341,2006-05-29,38634,38734,38055,38145,0,38145,-489,-489
1342,2006-05-30,38149,38149,36413,36413,0,36413,-1736,-1736
1343,2006-05-31,36414,37216,36362,36530,0,36530,116,116
1344,2006-06-01,36531,37748,36502,37748,0,37748,1217,1217
1345,2006-06-02,37750,38437,37411,37942,0,37942,192,192
1346,2006-06-05,37939,37976,36670,36740,0,36740,-1199,-1199
1347,2006-06-06,36740,36740,35673,36558,0,36558,-182,-182
1348,2006-06-07,36559,36771,35262,35264,0,35264,-1295,-1295
1349,2006-06-08,35262,35608,34360,35438,0,35438,176,176
1350,2006-06-09,35438,36181,35075,35075,0,35075,-363,-363
1351,2006-06-12,35083,35266,33537,33555,0,33555,-1528,-1528
1352,2006-06-13,33535,33582,32824,32848,0,32848,-687,-687
1353,2006-06-14,32848,33474,32057,32941,0,32941,93,93
1354,2006-06-16,32942,34543,32942,34399,0,34399,1457,1457
1355,2006-06-19,34407,34669,33549,33897,0,33897,-510,-510
1356,2006-06-20,33897,34156,33568,33632,0,33632,-265,-265
1357,2006-06-21,33632,34601,33216,34547,0,34547,915,915
1358,2006-06-22,34544,34714,34226,34317,0,34317,-227,-227
1359,2006-06-23,34314,34864,33880,34661,0,34661,347,347
1360,2006-06-26,34663,34875,34584,34631,0,34631,-32,-32
1361,2006-06-27,34631,35015,34368,34376,0,34376,-255,-255
1362,2006-06-28,34374,34837,34349,34835,0,34835,461,461
1363,2006-06-29,34835,36487,34835,36487,0,36487,1652,1652
1364,2006-06-30,36487,37036,36359,36631,0,36631,144,144
1365,2006-07-03,36629,37402,36534,37357,0,37357,728,728
1366,2006-07-04,37358,37601,37188,37367,0,37367,9,9
1367,2006-07-05,37366,37366,36304,36378,0,36378,-988,-988
1368,2006-07-06,36380,36993,36380,36533,0,36533,153,153
1369,2006-07-07,36541,36796,35850,36102,0,36102,-439,-439
1370,2006-07-10,36107,36427,35863,36141,0,36141,34,34
1371,2006-07-11,36137,36581,35590,36554,0,36554,417,417
1372,2006-07-12,36555,36747,36189,36230,0,36230,-325,-325
1373,2006-07-13,36221,36221,35344,35354,0,35354,-867,-867
1374,2006-07-14,35353,35651,35001,35350,0,35350,-3,-3
1375,2006-07-17,35344,35469,34814,34866,0,34866,-478,-478
1376,2006-07-18,34871,35311,34591,35130,0,35130,259,259
1377,2006-07-19,35136,36785,35136,36785,0,36785,1649,1649
1378,2006-07-20,36786,37043,35847,35847,0,35847,-939,-939
1379,2006-07-21,35847,36144,35307,35510,0,35510,-337,-337
1380,2006-07-24,35525,36283,35525,36224,0,36224,699,699
1381,2006-07-25,36223,36709,36011,36681,0,36681,458,458
1382,2006-07-26,36681,36951,36475,36594,0,36594,-87,-87
1383,2006-07-27,36595,37112,36593,36888,0,36888,293,293
1384,2006-07-28,36886,37522,36841,37381,0,37381,495,495
1385,2006-07-31,37381,37399,37077,37077,0,37077,-304,-304
1386,2006-08-01,37077,37084,36536,36839,0,36839,-238,-238
1387,2006-08-02,36843,37481,36834,37288,0,37288,445,445
1388,2006-08-03,37288,37688,36893,37451,0,37451,163,163
1389,2006-08-04,37462,38172,37462,37848,0,37848,386,386
1390,2006-08-07,37845,37879,37518,37698,0,37698,-147,-147
1391,2006-08-08,37699,38081,37532,37600,0,37600,-99,-99
1392,2006-08-09,37602,38086,37180,37255,0,37255,-347,-347
1393,2006-08-10,37255,37423,36929,37354,0,37354,99,99
1394,2006-08-11,37354,37502,36886,36944,0,36944,-410,-410
1395,2006-08-14,36950,37184,36490,36557,0,36557,-393,-393
1396,2006-08-15,36559,37417,36559,37296,0,37296,737,737
1397,2006-08-16,37296,37697,37210,37678,0,37678,382,382
1398,2006-08-17,37451,38022,37402,37559,0,37559,108,108
1399,2006-08-18,37559,37589,37178,37552,0,37552,-7,-7
1400,2006-08-21,37550,37550,37139,37161,0,37161,-389,-389
1401,2006-08-22,37161,37255,36511,36678,0,36678,-483,-483
1402,2006-08-23,36675,36690,35512,35512,0,35512,-1163,-1163
1403,2006-08-24,35514,35872,35123,35797,0,35797,283,283
1404,2006-08-25,35795,36128,35586,35958,0,35958,163,163
1405,2006-08-28,35958,36389,35649,36375,0,36375,417,417
1406,2006-08-29,36384,36617,36013,36304,0,36304,-80,-80
1407,2006-08-30,36303,36520,36125,36313,144235600,36313,10,10
1408,2006-08-31,36313,36606,36013,36232,0,36232,-81,-81
1409,2006-09-01,36232,37329,36232,37329,98953400,37329,1097,1097
1410,2006-09-04,37330,37739,37287,37693,83711000,37693,363,363
1411,2006-09-05,37693,37693,37271,37368,104148400,37368,-325,-325
1412,2006-09-06,37368,37368,36710,36710,99016400,36710,-658,-658
1413,2006-09-08,36705,36725,36495,36558,80359000,36558,-147,-147
1414,2006-09-11,36561,36561,35666,35772,158480500,35772,-789,-789
1415,2006-09-12,35777,36147,35626,36147,127765600,36147,370,370
1416,2006-09-13,36147,36726,36034,36550,142775800,36550,403,403
1417,2006-09-14,36548,36680,36087,36154,91091800,36154,-394,-394
1418,2006-09-15,36154,36469,35878,36170,81902200,36170,16,16
1419,2006-09-18,36168,36670,36134,36483,68704200,36483,315,315
1420,2006-09-19,36477,36487,35555,35886,115664900,35886,-591,-591
1421,2006-09-20,35889,36069,34928,35197,153831600,35197,-692,-692
1422,2006-09-21,35199,35332,34624,34830,198934000,34830,-369,-369
1423,2006-09-22,34829,34897,34397,34799,131281600,34799,-30,-30
1424,2006-09-25,34803,35054,34127,34973,126964700,34973,170,170
1425,2006-09-26,34972,35827,34972,35819,121505000,35819,847,847
1426,2006-09-27,35817,36114,35611,36106,152445400,36106,289,289
1427,2006-09-28,36105,36487,36031,36486,124881800,36486,381,381
1428,2006-09-29,36486,36570,36261,36449,128959000,36449,-37,-37
1429,2006-10-02,36450,37317,36450,37058,149989200,37058,608,608
1430,2006-10-03,37057,37057,36438,36438,121786200,36438,-619,-619
1431,2006-10-04,36441,37780,36441,37749,201054100,37749,1308,1308
1432,2006-10-05,37750,38205,37624,37977,147085300,37977,227,227
1433,2006-10-06,37976,37976,37493,37940,88616400,37940,-36,-36
1434,2006-10-09,37930,38626,37736,38406,111501800,38406,476,476
1435,2006-10-10,38411,38778,38407,38655,119440600,38655,244,244
1436,2006-10-11,38652,38652,38091,38322,87991000,38322,-330,-330
1437,2006-10-13,38328,39177,38328,38850,112580700,38850,522,522
1438,2006-10-16,38852,39261,38672,39229,110698100,39229,377,377
1439,2006-10-17,39226,39226,38672,38898,88848400,38898,-328,-328
1440,2006-10-18,38898,39446,38557,38686,208399200,38686,-212,-212
1441,2006-10-19,38595,38940,38561,38920,0,38920,325,325
1442,2006-10-20,38919,38958,38440,38643,71733800,38643,-276,-276
1443,2006-10-23,38643,39227,38273,39227,101060500,39227,584,584
1444,2006-10-24,39227,39552,39091,39499,74334200,39499,272,272
1445,2006-10-25,39499,39721,39341,39563,122633500,39563,64,64
1446,2006-10-26,39563,39843,39365,39645,98565000,39645,82,82
1447,2006-10-27,39640,39746,39293,39328,115174800,39328,-312,-312
1448,2006-10-30,39327,39340,38681,38900,94526000,38900,-427,-427
1449,2006-10-31,38900,39263,38880,39263,166833700,39263,363,363
1450,2006-11-01,39279,40104,39279,39930,151358200,39930,651,651
1451,2006-11-03,39930,40482,39924,40435,160846800,40435,505,505
1452,2006-11-06,40437,41256,40437,41247,171533400,41247,810,810
1453,2006-11-07,41247,41402,40863,41048,129699300,41048,-199,-199
1454,2006-11-08,41042,41345,40624,41334,142110100,41334,292,292
1455,2006-11-09,41334,41813,40657,40815,140119600,40815,-519,-519
1456,2006-11-10,40815,40942,40322,40720,163280500,40720,-95,-95
1457,2006-11-13,40724,40724,40038,40606,116856500,40606,-118,-118
1458,2006-11-14,40607,41342,40607,41291,141768700,41291,684,684
1459,2006-11-16,41296,41781,41153,41162,157412900,41162,-134,-134
1460,2006-11-17,41164,41164,40482,41029,0,41029,-135,-135
1461,2006-11-21,41029,41570,40986,41570,118526800,41570,541,541
1462,2006-11-22,41579,41951,41308,41913,109892600,41913,334,334
1463,2006-11-23,41913,42308,41913,42070,91746800,42070,157,157
1464,2006-11-24,42071,42071,41468,41758,92538600,41758,-313,-313
1465,2006-11-27,41758,41758,40722,40915,0,40915,-843,-843
1466,2006-11-28,40915,41083,40428,41043,0,41043,128,128
1467,2006-11-29,41041,41988,41041,41970,146202300,41970,929,929
1468,2006-11-30,41971,42175,41497,41932,141201400,41932,-39,-39
1469,2006-12-01,41930,42095,41192,41327,84178800,41327,-603,-603
1470,2006-12-04,41329,42660,41282,42654,86575800,42654,1325,1325
1471,2006-12-05,42652,43261,42636,43157,97888000,43157,505,505
1472,2006-12-06,43158,43422,42831,43096,87843400,43096,-62,-62
1473,2006-12-07,43097,43506,42758,42909,81579600,42909,-188,-188
1474,2006-12-08,42910,43303,42818,42978,66396000,42978,68,68
1475,2006-12-11,42968,43432,42968,43297,99182800,43297,329,329
1476,2006-12-12,43297,43297,42794,43018,94209200,43018,-279,-279
1477,2006-12-13,43026,43394,42783,43285,194334000,43285,259,259
1478,2006-12-14,43291,43797,43291,43755,155097100,43755,464,464
1479,2006-12-15,43755,44263,43447,43596,140263800,43596,-159,-159
1480,2006-12-18,43596,44048,43400,43509,138330400,43509,-87,-87
1481,2006-12-19,43038,43590,42891,43590,0,43590,552,552
1482,2006-12-20,43592,43946,43379,43502,111485500,43502,-90,-90
1483,2006-12-21,43505,43689,43100,43385,80744600,43385,-120,-120
1484,2006-12-22,43385,43602,43125,43356,65730800,43356,-29,-29
1485,2006-12-26,43356,43611,43356,43603,47331000,43603,247,247
1486,2006-12-27,43602,44526,43602,44526,101324300,44526,924,924
1487,2006-12-28,44526,44675,44373,44474,113108900,44474,-52,-52
1488,2007-01-02,44476,45388,44476,45383,75560200,45383,907,907
1489,2007-01-03,45379,45379,44284,44445,122372800,44445,-934,-934
1490,2007-01-04,44442,44442,43623,44020,86577000,44020,-422,-422
1491,2007-01-05,44019,44081,42160,42245,164055000,42245,-1774,-1774
1492,2007-01-08,42249,42926,42144,42830,114007100,42830,581,581
1493,2007-01-09,42831,43001,41438,42007,112991900,42007,-824,-824
1494,2007-01-10,42001,42336,41266,42336,110755900,42336,335,335
1495,2007-01-11,42336,43128,41940,42670,84165800,42670,334,334
1496,2007-01-12,42669,43188,42526,43095,96842400,43095,426,426
1497,2007-01-15,43095,43473,42875,42919,45027800,42919,-176,-176
1498,2007-01-16,42916,42916,42415,42624,93088400,42624,-292,-292
1499,2007-01-17,42626,42930,42252,42735,73003000,42735,109,109
1500,2007-01-18,42741,43402,42407,42478,97203200,42478,-263,-263
1501,2007-01-19,42477,43428,42477,43428,0,43428,951,951
1502,2007-01-22,43431,43879,43183,43553,70802000,43553,122,122
1503,2007-01-23,43549,44243,43432,44177,109921200,44177,628,628
1504,2007-01-24,44177,44808,44041,44687,114652200,44687,510,510
1505,2007-01-26,44687,44687,43870,44412,102456700,44412,-275,-275
1506,2007-01-29,44414,44435,43555,43573,95144400,43573,-841,-841
1507,2007-01-30,43573,44065,43508,44044,110700200,44044,471,471
1508,2007-01-31,44046,44643,43824,44642,131510700,44642,596,596
1509,2007-02-01,44642,45212,44642,44815,120498200,44815,173,173
1510,2007-02-02,44815,45204,44597,44998,106514300,44998,183,183
1511,2007-02-05,44999,45286,44851,45286,79481200,45286,287,287
1512,2007-02-06,45287,45486,45038,45352,109404000,45352,65,65
1513,2007-02-07,45352,45425,44488,44588,114293700,44588,-764,-764
1514,2007-02-08,44585,44892,44070,44892,124663400,44892,307,307
1515,2007-02-09,44894,45050,44180,44284,133298700,44284,-610,-610
1516,2007-02-12,44286,44464,43850,43935,94842200,43935,-351,-351
1517,2007-02-13,43932,45197,43932,45197,116712300,45197,1265,1265
1518,2007-02-14,45198,46106,45198,45996,232265300,45996,798,798
1519,2007-02-15,45996,46178,45734,45955,140012600,45955,-41,-41
1520,2007-02-16,45955,45966,45614,45849,107391100,45849,-106,-106
1521,2007-02-21,45849,46095,45558,46090,73069000,46090,241,241
1522,2007-02-22,46097,46752,46097,46452,121582000,46452,355,355
1523,2007-02-23,46452,46517,45813,46016,76534200,46016,-436,-436
1524,2007-02-26,46021,46450,45885,46207,94900800,46207,186,186
1525,2007-02-27,46190,46190,42571,43145,189354000,43145,-3045,-3045
1526,2007-02-28,43150,43923,43122,43892,176098100,43892,742,742
1527,2007-03-01,43886,43886,42037,43517,131228800,43517,-369,-369
1528,2007-03-02,43518,43518,42297,42370,199570400,42370,-1148,-1148
1529,2007-03-05,42370,42370,41117,41179,123682700,41179,-1191,-1191
1530,2007-03-06,41192,43218,41192,43218,119195300,43218,2026,2026
1531,2007-03-07,43224,43396,42660,42667,128354000,42667,-557,-557
1532,2007-03-08,42672,43726,42672,43466,85353800,43466,794,794
1533,2007-03-09,43466,44173,43466,44133,129008600,44133,667,667
1534,2007-03-12,44133,44406,43845,44249,116185400,44249,116,116
1535,2007-03-13,44249,44249,42724,42749,159221400,42749,-1500,-1500
1536,2007-03-14,42749,43290,42051,43288,160333800,43288,539,539
1537,2007-03-15,43289,43573,42951,43278,136954300,43278,-11,-11
1538,2007-03-16,43278,43568,42598,42730,112346700,42730,-548,-548
1539,2007-03-19,42734,43714,42734,43713,142704400,43713,979,979
1540,2007-03-20,43713,44353,43679,44351,165675100,44351,638,638
1541,2007-03-21,44350,45631,44350,45631,201404600,45631,1281,1281
1542,2007-03-22,45631,45950,45272,45424,139703500,45424,-207,-207
1543,2007-03-23,45425,45759,45168,45533,82313000,45533,108,108
1544,2007-03-26,45533,45712,44965,45645,78423800,45645,112,112
1545,2007-03-27,45646,45646,45143,45207,95099400,45207,-439,-439
1546,2007-03-28,45204,45204,44315,44484,132180500,44484,-720,-720
1547,2007-03-29,44493,45570,44493,45355,134403900,45355,862,862
1548,2007-03-30,45355,45805,45138,45805,124972500,45805,450,450
1549,2007-04-02,45805,45805,45225,45597,141629100,45597,-208,-208
1550,2007-04-03,45601,46481,45601,46288,208963000,46288,687,687
1551,2007-04-04,46290,46692,46113,46554,121560000,46554,264,264
1552,2007-04-05,46555,46767,46418,46647,113833700,46647,92,92
1553,2007-04-09,46650,47239,46650,46855,124565500,46855,205,205
1554,2007-04-10,46855,47234,46822,47174,165433200,47174,319,319
1555,2007-04-11,47173,47573,46680,46939,169053700,46939,-234,-234
1556,2007-04-12,46941,47389,46506,47347,117205600,47347,406,406
1557,2007-04-13,47347,47968,47267,47926,122908200,47926,579,579
1558,2007-04-16,47925,49022,47925,48921,155061700,48921,996,996
1559,2007-04-17,48923,49156,48631,48755,140107200,48755,-168,-168
1560,2007-04-18,48760,49339,48456,48710,190930900,48710,-50,-50
1561,2007-04-19,48705,48837,47917,48762,168338300,48762,57,57
1562,2007-04-20,48763,49459,48763,49408,155979900,49408,645,645
1563,2007-04-23,49409,49477,49097,49162,84795800,49162,-247,-247
1564,2007-04-24,49162,49259,48602,49071,85154000,49071,-91,-91
1565,2007-04-25,49072,49816,49072,49676,139457700,49676,604,604
1566,2007-04-26,49678,49856,49060,49068,130519800,49068,-610,-610
1567,2007-04-27,49067,49232,48311,49230,97450000,49230,163,163
1568,2007-04-30,49222,49482,48744,48956,155714300,48956,-266,-266
1569,2007-05-02,48955,49630,48953,49472,82439200,49472,517,517
1570,2007-05-03,49472,50318,49472,50218,61496600,50218,746,746
1571,2007-05-04,50218,50898,50218,50598,48752600,50598,380,380
1572,2007-05-07,50591,50618,50154,50282,30581600,50282,-309,-309
1573,2007-05-08,50276,50369,49526,50278,58598200,50278,2,2
1574,2007-05-09,50277,51369,50149,51300,129546400,51300,1023,1023
1575,2007-05-10,51298,51298,50205,50235,183381300,50235,-1063,-1063
1576,2007-05-11,50235,51083,50235,50902,146071500,50902,667,667
1577,2007-05-14,50910,51066,50298,50511,82391800,50511,-399,-399
1578,2007-05-15,50511,51042,50370,50518,88112800,50518,7,7
1579,2007-05-16,50518,51738,50518,51738,154949100,51738,1220,1220
1580,2007-05-17,51741,51959,51374,51631,100343900,51631,-110,-110
1581,2007-05-18,51633,52088,51499,52078,103165200,52078,445,445
1582,2007-05-21,52078,52691,52078,52423,128956500,52423,345,345
1583,2007-05-22,52424,52561,52039,52208,54601200,52208,-216,-216
1584,2007-05-23,52210,52505,51670,51813,177385300,51813,-397,-397
1585,2007-05-24,51813,51891,50214,50531,104114900,50531,-1282,-1282
1586,2007-05-25,50541,51633,50541,51618,93920400,51618,1077,1077
1587,2007-05-28,51616,52209,51616,52120,58686200,52120,504,504
1588,2007-05-29,52121,52545,51271,51713,158100700,51713,-408,-408
1589,2007-05-30,51706,52595,50607,52528,140483000,52528,822,822
1590,2007-05-31,52536,52877,52098,52268,125166600,52268,-268,-268
1591,2007-06-01,52271,53423,52271,53423,148685200,53423,1152,1152
1592,2007-06-04,53423,53423,52651,53243,90055800,53243,-180,-180
1593,2007-06-05,53245,53271,52673,53162,89869200,53162,-83,-83
1594,2007-06-06,53162,53162,51869,52049,92944800,52049,-1113,-1113
1595,2007-06-08,52045,52500,50885,52330,84325800,52330,285,285
1596,2007-06-11,52324,52952,52184,52777,81569800,52777,453,453
1597,2007-06-12,52776,52776,51643,51797,75774200,51797,-979,-979
1598,2007-06-13,51799,53226,51799,52994,175650400,52994,1195,1195
1599,2007-06-14,53011,53798,53009,53713,97862600,53713,702,702
1600,2007-06-15,53723,54726,53723,54519,123495800,54519,796,796
1601,2007-06-18,54519,55000,54355,54730,115684800,54730,211,211
1602,2007-06-19,54730,54797,54450,54644,99302200,54644,-86,-86
1603,2007-06-20,54644,55003,54029,54029,120526300,54029,-615,-615
1604,2007-06-21,54030,54844,53911,54657,103576000,54657,627,627
1605,2007-06-22,54644,54644,53952,54267,94636800,54267,-377,-377
1606,2007-06-25,54270,54605,53605,54042,84710200,54042,-228,-228
1607,2007-06-26,54045,54413,53842,53852,68430600,53852,-193,-193
1608,2007-06-27,53852,54164,53202,54143,86424600,54143,291,291
1609,2007-06-28,54154,54648,54147,54147,89190200,54147,-7,-7
1610,2007-06-29,54150,54783,53958,54392,85396000,54392,242,242
1611,2007-07-02,54396,55386,54396,55371,67223800,55371,975,975
1612,2007-07-03,55371,55783,55259,55700,33761000,55700,329,329
1613,2007-07-04,55698,56000,55598,55696,23831400,55696,-2,-2
1614,2007-07-05,55696,55932,55345,55932,54025000,55932,236,236
1615,2007-07-06,55932,56444,55932,56444,39105400,56444,512,512
1616,2007-07-10,56444,56544,55678,55883,50772400,55883,-561,-561
1617,2007-07-11,55882,56495,55628,56356,42577400,56356,474,474
1618,2007-07-12,56380,57676,56378,57613,43539800,57613,1233,1233
1619,2007-07-13,57613,57983,57327,57644,49967000,57644,31,31
1620,2007-07-16,57644,57666,57035,57374,51594200,57374,-270,-270
1621,2007-07-17,57376,57799,57307,57660,0,57660,284,284
1622,2007-07-18,57660,57660,56903,57556,0,57556,-104,-104
1623,2007-07-19,57556,58293,57556,58125,0,58125,569,569
1624,2007-07-20,58125,58125,57103,57443,36497000,57443,-682,-682
1625,2007-07-23,57443,58070,57443,58037,40731200,58037,594,594
1626,2007-07-24,58036,58057,55165,55795,61823000,55795,-2241,-2241
1627,2007-07-25,55797,56409,54520,56001,79978200,56001,204,204
1628,2007-07-26,55998,55998,52627,53893,80241800,53893,-2105,-2105
1629,2007-07-27,53893,54407,52922,52922,64166800,52922,-971,-971
1630,2007-07-30,52925,54790,52925,54573,46189400,54573,1648,1648
1631,2007-07-31,54602,55662,54169,54183,60286200,54183,-419,-419
1632,2007-08-01,54170,54234,53036,54234,60579400,54234,64,64
1633,2007-08-02,54245,54959,54202,54691,46542600,54691,446,446
1634,2007-08-03,54697,54725,52575,52846,83125000,52846,-1851,-1851
1635,2007-08-06,52846,53207,51317,53091,81613200,53091,245,245
1636,2007-08-07,53092,54113,52746,53802,37271000,53802,710,710
1637,2007-08-08,53804,55616,53804,55241,64404600,55241,1437,1437
1638,2007-08-09,55213,55213,53324,53431,50735200,53431,-1782,-1782
1639,2007-08-10,53431,53431,51682,52638,58812200,52638,-793,-793
1640,2007-08-13,52647,53670,52202,52434,48389000,52434,-213,-213
1641,2007-08-14,52434,52945,50912,50912,49403000,50912,-1522,-1522
1642,2007-08-15,50912,51286,49106,49285,108086200,49285,-1627,-1627
1643,2007-08-16,49281,49281,44938,48016,94943000,48016,-1265,-1265
1644,2007-08-17,48026,49588,46877,48559,69136800,48559,533,533
1645,2007-08-20,48561,49574,48561,49206,40150000,49206,645,645
1646,2007-08-21,49208,50064,48739,49815,25605200,49815,607,607
1647,2007-08-22,49815,51749,49815,51745,26165200,51745,1930,1930
1648,2007-08-23,51745,52351,51082,51848,18680600,51848,103,103
1649,2007-08-24,51845,52998,51390,52998,48704200,52998,1153,1153
1650,2007-08-27,52995,53396,52502,53078,23481800,53078,83,83
1651,2007-08-28,53072,53072,51390,51645,20718200,51645,-1427,-1427
1652,2007-08-29,51648,52810,51647,52735,20048400,52735,1087,1087
1653,2007-08-30,52728,53645,52223,52858,28670400,52858,130,130
1654,2007-08-31,52874,54715,52874,54637,46496600,54637,1763,1763
1655,2007-09-03,54641,54998,54519,54833,5239000,54833,192,192
1656,2007-09-04,54834,55566,54588,55250,9577600,55250,416,416
1657,2007-09-05,55243,55243,54156,54408,2828400,54408,-835,-835
1658,2007-09-06,54413,55094,54413,54569,5897800,54569,156,156
1659,2007-09-10,54554,54554,52321,52653,4085000,52653,-1901,-1901
1660,2007-09-11,52660,53954,52660,53921,4894200,53921,1261,1261
1661,2007-09-12,53922,54622,53718,53883,5599000,53883,-39,-39
1662,2007-09-13,53883,55087,53883,54908,3627600,54908,1025,1025
1663,2007-09-14,54909,55465,54378,54671,5843200,54671,-238,-238
1664,2007-09-17,54671,54733,53691,54341,4175800,54341,-330,-330
1665,2007-09-18,54351,56844,54351,56666,7547200,56666,2315,2315
1666,2007-09-19,56675,58079,56675,57264,7791400,57264,589,589
1667,2007-09-20,57263,57609,56607,56906,4655000,56906,-357,-357
1668,2007-09-21,56919,57899,56919,57799,7360400,57799,880,880
1669,2007-09-24,57799,58719,57799,58719,5824600,58719,920,920
1670,2007-09-25,58717,58862,57969,58858,3464800,58858,141,141
1671,2007-09-26,58859,59825,58859,59715,6099200,59715,856,856
1672,2007-09-27,59713,61052,59713,61052,6392800,61052,1339,1339
1673,2007-09-28,61054,61054,60086,60465,5429200,60465,-589,-589
1674,2007-10-01,60465,62355,60465,62340,15394000,62340,1875,1875
1675,2007-10-02,62341,62356,61241,62017,6097200,62017,-324,-324
1676,2007-10-03,62021,62021,60094,60099,6852200,60099,-1922,-1922
1677,2007-10-04,60102,61080,59536,60407,8710600,60407,305,305
1678,2007-10-05,60408,62704,60408,62319,9083000,62319,1911,1911
1679,2007-10-08,62319,62725,61841,62661,4076200,62661,342,342
1680,2007-10-09,62661,63658,62661,63549,7505800,63549,888,888
1681,2007-10-10,63550,63565,62894,63197,4719800,63197,-353,-353
1682,2007-10-11,63197,64169,61487,62456,5273600,62456,-741,-741
1683,2007-10-15,62456,63841,62412,62969,4598800,62969,513,513
1684,2007-10-16,62965,62965,61565,61718,4902600,61718,-1247,-1247
1685,2007-10-17,61720,63194,61460,63194,7642000,63194,1474,1474
1686,2007-10-18,63192,63322,61943,63261,4539800,63261,69,69
1687,2007-10-19,63270,63349,60883,60894,5454000,60894,-2376,-2376
1688,2007-10-22,60884,61379,59473,61215,4185400,61215,331,331
1689,2007-10-23,61214,62773,61214,62697,7591000,62697,1483,1483
1690,2007-10-24,62693,62816,61448,62625,7745200,62625,-68,-68
1691,2007-10-25,62628,63206,61968,62341,6487200,62341,-287,-287
1692,2007-10-26,62346,64320,62346,64276,6239600,64276,1930,1930
1693,2007-10-29,64275,65670,64275,65044,7741000,65044,769,769
1694,2007-10-30,65044,65147,64264,64383,7817400,64383,-661,-661
1695,2007-10-31,64385,65949,64385,65318,4318400,65318,933,933
1696,2007-11-01,65317,65317,63774,64050,6187200,64050,-1267,-1267
1697,2007-11-05,64049,64049,62720,62960,9279400,62960,-1089,-1089
1698,2007-11-06,62967,64524,62967,64503,4556000,64503,1536,1536
1699,2007-11-07,64503,64603,63223,63501,112200,63501,-1002,-1002
1700,2007-11-08,63503,65283,63140,63562,7195800,63562,59,59
1701,2007-11-09,63571,65281,62279,64321,6871000,64321,750,750
1702,2007-11-12,64321,64321,61452,61527,5393400,61527,-2794,-2794
1703,2007-11-13,61526,62933,61034,62927,5980600,62927,1401,1401
1704,2007-11-14,62919,64896,62919,64631,10894400,64631,1712,1712
1705,2007-11-16,64634,64802,63627,64609,4450600,64609,-25,-25
1706,2007-11-19,64609,64609,62321,62336,3819200,62336,-2273,-2273
1707,2007-11-21,62335,62335,59847,60582,6540600,60582,-1753,-1753
1708,2007-11-22,60582,61102,60124,60653,2223600,60653,71,71
1709,2007-11-23,60662,61334,60662,60971,8923600,60971,309,309
1710,2007-11-26,60973,61560,59067,59069,6195600,59069,-1904,-1904
1711,2007-11-27,59067,59971,58096,59432,6147400,59432,365,365
1712,2007-11-28,59432,61858,59432,61715,6116600,61715,2283,2283
1713,2007-11-29,61720,63190,61465,62156,5978200,62156,436,436
1714,2007-11-30,62157,63701,62157,63006,4849000,63006,849,849
1715,2007-12-03,63018,63682,62729,63200,0,63200,182,182
1716,2007-12-04,63203,63722,62373,63482,0,63482,279,279
1717,2007-12-05,63483,65204,63483,64928,0,64928,1445,1445
1718,2007-12-06,64929,65791,64692,65791,3108800,65791,862,862
1719,2007-12-07,65789,66529,65278,65639,2289000,65639,-150,-150
1720,2007-12-10,65642,65874,65228,65446,3680000,65446,-196,-196
1721,2007-12-11,65448,66451,64127,64512,4639800,64512,-936,-936
1722,2007-12-12,64512,66171,64502,64742,0,64742,230,230
1723,2007-12-13,64735,64735,62466,62861,2936800,62861,-1874,-1874
1724,2007-12-14,62868,63455,62445,62445,3054000,62445,-423,-423
1725,2007-12-17,62445,62445,59820,59828,2242400,59828,-2617,-2617
1726,2007-12-18,59832,61421,59414,61096,3616600,61096,1264,1264
1727,2007-12-19,61108,61734,60915,61722,0,61722,614,614
1728,2007-12-20,61724,62467,61416,61716,4797200,61716,-8,-8
1729,2007-12-21,61725,63398,61725,63098,2453000,63098,1373,1373
1730,2007-12-26,63101,64304,63101,64288,1820200,64288,1187,1187
1731,2007-12-27,64287,64584,63590,63774,2043800,63774,-513,-513
1732,2007-12-28,63776,64124,63598,63886,2588600,63886,110,110
1733,2008-01-02,63885,63906,62659,62815,2980200,62815,-1070,-1070
1734,2008-01-03,62814,63129,62556,62892,1895800,62892,78,78
1735,2008-01-04,62898,63436,60574,61037,2613800,61037,-1861,-1861
1736,2008-01-07,61054,61505,60092,60772,2223400,60772,-282,-282
1737,2008-01-08,60771,62650,60771,62081,3314000,62081,1310,1310
1738,2008-01-09,62078,62674,61487,62674,3480400,62674,596,596
1739,2008-01-10,62677,63615,62594,63515,3227000,63515,838,838
1740,2008-01-11,63514,63514,61942,61942,2920600,61942,-1572,-1572
1741,2008-01-14,61950,62536,61643,62188,2829000,62188,238,238
1742,2008-01-15,62180,62180,59897,59907,4080800,59907,-2273,-2273
1743,2008-01-16,59906,59906,58077,58777,3455400,58777,-1129,-1129
1744,2008-01-17,58773,59643,56734,57037,3594000,57037,-1736,-1736
1745,2008-01-18,57039,58291,56241,57506,5810600,57506,467,467
1746,2008-01-21,57503,57503,53487,53709,3566400,53709,-3794,-3794
1747,2008-01-22,53705,56541,53610,56097,3650200,56097,2392,2392
1748,2008-01-23,56098,56098,53011,54235,3719400,54235,-1863,-1863
1749,2008-01-24,54242,57675,54242,57463,3801800,57463,3221,3221
1750,2008-01-28,57457,58721,56360,58594,3928600,58594,1137,1137
1751,2008-01-29,58597,59715,58597,59530,3441800,59530,933,933
1752,2008-01-30,59522,60289,58752,60289,4314400,60289,767,767
1753,2008-01-31,60288,60288,57886,59490,6158800,59490,-798,-798
1754,2008-02-01,59491,61187,59491,61080,3601800,61080,1589,1589
1755,2008-02-06,61076,61076,58742,58969,0,58969,-2107,-2107
1756,2008-02-07,58965,59581,58030,58965,3993400,58965,0,0
1757,2008-02-08,58967,59520,58843,59076,2023200,59076,109,109
1758,2008-02-11,59081,60805,59081,60643,2569600,60643,1562,1562
1759,2008-02-12,60645,62828,60645,61805,13473600,61805,1160,1160
1760,2008-02-13,61802,63002,61802,62591,4423000,62591,789,789
1761,2008-02-14,62595,63224,61737,61819,2359200,61819,-776,-776
1762,2008-02-15,61803,61803,60717,61272,2353000,61272,-531,-531
1763,2008-02-18,61292,62883,61292,62801,1497200,62801,1509,1509
1764,2008-02-19,62801,63590,62180,62297,2089200,62297,-504,-504
1765,2008-02-20,62292,63780,61634,63747,2756400,63747,1455,1455
1766,2008-02-21,63748,64631,63620,63792,2422600,63792,44,44
1767,2008-02-22,63780,64609,63360,64609,2075800,64609,829,829
1768,2008-02-25,64605,65013,64060,65001,2370400,65001,396,396
1769,2008-02-26,64994,65399,63983,65183,3564000,65183,189,189
1770,2008-02-27,65178,65968,64647,65495,4842600,65495,317,317
1771,2008-02-28,65495,66005,65248,65555,3693000,65555,60,60
1772,2008-02-29,65553,65553,63482,63489,2817000,63489,-2064,-2064
1773,2008-03-03,63496,64644,63159,64490,2267000,64490,994,994
1774,2008-03-04,64486,64530,62745,63656,2141800,63656,-830,-830
1775,2008-03-05,63653,65045,63653,64629,2322800,64629,976,976
1776,2008-03-06,64631,64676,62975,62975,2246000,62975,-1656,-1656
1777,2008-03-07,62973,62973,61382,61868,2489000,61868,-1105,-1105
1778,2008-03-10,61869,61923,59996,59999,1901000,59999,-1870,-1870
1779,2008-03-11,60006,62368,60006,62368,3223600,62368,2362,2362
1780,2008-03-12,62378,63036,62022,62177,2316400,62177,-201,-201
1781,2008-03-13,62175,62413,60168,62280,3854200,62280,105,105
1782,2008-03-14,62280,63028,60710,61991,2813200,61991,-289,-289
1783,2008-03-17,61987,61987,59342,60012,2131800,60012,-1975,-1975
1784,2008-03-18,60040,61933,60040,61933,3084800,61933,1893,1893
1785,2008-03-19,61936,62372,58805,58827,2229400,58827,-3109,-3109
1786,2008-03-20,58818,59170,57824,58987,2717800,58987,169,169
1787,2008-03-24,58994,61083,58994,59813,2289000,59813,819,819
1788,2008-03-25,59820,61616,59820,61234,2523800,61234,1414,1414
1789,2008-03-26,61234,61849,60759,61415,2351000,61415,181,181
1790,2008-03-27,61418,62200,60679,60762,1639200,60762,-656,-656
1791,2008-03-28,60762,61062,60192,60452,1673400,60452,-310,-310
1792,2008-03-31,60449,60982,59917,60968,2168400,60968,519,519
1793,2008-04-01,60965,62788,60965,62775,1205600,62775,1810,1810
1794,2008-04-02,62775,63816,62775,63364,1076800,63364,589,589
1795,2008-04-03,63367,64731,62793,64175,1039400,64175,808,808
1796,2008-04-04,64177,64630,63906,64446,812800,64446,269,269
1797,2008-04-07,64447,65409,63919,64176,909400,64176,-271,-271
1798,2008-04-08,64180,64833,63453,64540,878000,64540,360,360
1799,2008-04-09,64540,64621,63167,63477,863400,63477,-1063,-1063
1800,2008-04-10,63475,63646,62712,63527,909400,63527,52,52
1801,2008-04-11,63526,63526,62459,62585,696800,62585,-941,-941
1802,2008-04-14,62592,62733,61467,62153,926600,62153,-439,-439
1803,2008-04-15,62151,62825,62151,62618,841600,62618,467,467
1804,2008-04-16,62625,64314,62625,64152,1237800,64152,1527,1527
1805,2008-04-17,64150,64945,63599,64552,908400,64552,402,402
1806,2008-04-18,64554,65384,64554,64923,856800,64923,369,369
1807,2008-04-22,64922,65689,64922,65413,965800,65413,491,491
1808,2008-04-23,65413,65689,64914,64948,862800,64948,-465,-465
1809,2008-04-24,64946,65086,64223,64576,971600,64576,-370,-370
1810,2008-04-25,64576,65253,64172,65187,1111000,65187,611,611
1811,2008-04-28,65191,66025,65191,65678,1183000,65678,487,487
1812,2008-04-29,65678,65678,63706,63826,1113600,63826,-1852,-1852
1813,2008-04-30,63826,68038,63826,67868,2112800,67868,4042,4042
1814,2008-05-02,67869,70973,67865,69366,1981800,69366,1497,1497
1815,2008-05-05,69366,70435,69366,70175,1347400,70175,809,809
1816,2008-05-06,70175,70215,69561,70195,1518000,70195,20,20
1817,2008-05-07,70201,70545,68599,69018,1342600,69018,-1183,-1183
1818,2008-05-08,69021,69877,69014,69722,975000,69722,701,701
1819,2008-05-09,69722,69722,68764,69646,841200,69646,-76,-76
1820,2008-05-12,69646,70420,69068,70416,966600,70416,770,770
1821,2008-05-13,70422,71084,70108,70503,1207600,70503,81,81
1822,2008-05-14,70495,70966,70027,70027,1200000,70027,-468,-468
1823,2008-05-15,70031,71492,70031,71492,1144400,71492,1461,1461
1824,2008-05-16,71496,72767,71496,72767,1348800,72767,1271,1271
1825,2008-05-19,72767,73794,72458,73439,1494600,73439,672,672
1826,2008-05-20,73445,73522,72146,73517,1256200,73517,72,72
1827,2008-05-21,73508,73780,72150,72295,1465000,72295,-1213,-1213
1828,2008-05-23,72295,72295,70774,71452,1094000,71452,-843,-843
1829,2008-05-26,71452,71988,71423,71629,503200,71629,177,177
1830,2008-05-27,71629,71659,70335,70992,1409600,70992,-637,-637
1831,2008-05-28,70995,73180,70734,73153,1455000,73153,2158,2158
1832,2008-05-29,73154,73920,71695,71798,1542600,71798,-1356,-1356
1833,2008-05-30,71798,72862,71766,72593,1770400,72593,795,795
1834,2008-06-02,72593,72593,71352,71897,1171000,71897,-696,-696
1835,2008-06-03,71897,72019,69602,70012,1301200,70012,-1885,-1885
1836,2008-06-04,70012,70012,68465,68673,1438400,68673,-1339,-1339
1837,2008-06-05,68674,71235,68674,71235,1219200,71235,2561,2561
1838,2008-06-06,71208,71211,69515,69786,1199800,69786,-1422,-1422
1839,2008-06-09,69786,69990,68534,69281,1035000,69281,-505,-505
1840,2008-06-10,69275,69275,67067,67775,1256000,67775,-1500,-1500
1841,2008-06-11,67775,68061,66715,66795,1254200,66795,-980,-980
1842,2008-06-12,66798,67958,66798,67322,1142800,67322,524,524
1843,2008-06-13,67326,67885,66907,67204,917400,67204,-122,-122
1844,2008-06-16,67206,67618,66430,67285,1043400,67285,79,79
1845,2008-06-17,67284,69029,67284,68438,1200200,68438,1154,1154
1846,2008-06-18,68431,68431,66917,67090,1361400,67090,-1341,-1341
1847,2008-06-19,67090,67339,66182,66590,1172000,66590,-500,-500
1848,2008-06-20,66584,66611,64602,64614,1141400,64614,-1970,-1970
1849,2008-06-23,64622,65401,64440,64640,858600,64640,18,18
1850,2008-06-24,64636,65084,63713,64168,1128800,64168,-468,-468
1851,2008-06-25,64173,66308,64173,65853,1351400,65853,1680,1680
1852,2008-06-26,65804,65804,63689,63947,1265000,63947,-1857,-1857
1853,2008-06-27,63951,64624,63881,64321,1100000,64321,370,370
1854,2008-06-30,64326,65353,64326,65018,970400,65018,692,692
1855,2008-07-01,65018,65018,62911,63396,1261800,63396,-1622,-1622
1856,2008-07-02,63397,63945,61028,61106,1309000,61106,-2291,-2291
1857,2008-07-03,61094,61601,59243,59273,1207600,59273,-1821,-1821
1858,2008-07-04,59266,59779,58786,59365,642000,59365,99,99
1859,2008-07-07,59372,60795,58731,59088,1078400,59088,-284,-284
1860,2008-07-08,59081,59536,57945,59536,1235600,59536,455,455
1861,2008-07-10,59528,60589,58338,60253,1487000,60253,725,725
1862,2008-07-11,60256,61053,59603,60148,1051000,60148,-108,-108
1863,2008-07-14,60156,61306,60156,60721,970400,60721,565,565
1864,2008-07-15,60715,61679,58790,61015,1473400,61015,300,300
1865,2008-07-16,61018,62183,60863,62056,1575600,62056,1038,1038
1866,2008-07-17,62063,62606,59985,60109,1893000,60109,-1954,-1954
1867,2008-07-18,60106,61299,59479,59988,1230600,59988,-118,-118
1868,2008-07-21,60002,61275,60002,60772,1230600,60772,770,770
1869,2008-07-22,60772,60780,59231,59647,1203800,59647,-1125,-1125
1870,2008-07-23,59646,60242,59313,59421,1422000,59421,-225,-225
1871,2008-07-24,59425,59641,57334,57434,1776800,57434,-1991,-1991
1872,2008-07-25,57420,57711,56418,57199,1183400,57199,-221,-221
1873,2008-07-28,57207,58176,56839,56869,887600,56869,-338,-338
1874,2008-07-29,56869,58043,56869,58043,1118200,58043,1174,1174
1875,2008-07-30,58069,59998,58069,59998,1527800,59998,1929,1929
1876,2008-07-31,59998,60023,59225,59505,1277200,59505,-493,-493
1877,2008-08-01,59505,59505,57492,57630,999400,57630,-1875,-1875
1878,2008-08-04,57619,57641,55367,55609,1148000,55609,-2010,-2010
1879,2008-08-05,55609,56974,55609,56471,1402400,56471,862,862
1880,2008-08-06,56473,57813,56473,57542,1266800,57542,1069,1069
1881,2008-08-07,57546,57942,56960,57018,1116400,57018,-528,-528
1882,2008-08-08,57018,57146,56152,56584,1054200,56584,-434,-434
1883,2008-08-11,56590,56974,54569,54720,1208600,54720,-1870,-1870
1884,2008-08-12,54721,55355,54325,54503,1226200,54503,-218,-218
1885,2008-08-13,54509,55492,54035,54573,1922800,54573,64,64
1886,2008-08-14,54573,55725,54573,55138,1065600,55138,565,565
1887,2008-08-15,55137,55307,53831,54244,945800,54244,-893,-893
1888,2008-08-18,54252,54928,53050,53327,847000,53327,-925,-925
1889,2008-08-19,53326,54329,52345,53639,1006600,53639,313,313
1890,2008-08-20,53641,55545,53641,55377,1149400,55377,1736,1736
1891,2008-08-21,55380,56144,55380,55935,1113200,55935,555,555
1892,2008-08-22,55933,56430,55202,55850,823400,55850,-83,-83
1893,2008-08-25,55854,55906,54468,54477,653400,54477,-1377,-1377
1894,2008-08-26,54477,55088,54153,54359,836200,54359,-118,-118
1895,2008-08-27,54366,55591,54366,55519,881600,55519,1153,1153
1896,2008-08-28,55516,56524,55516,56382,1062400,56382,866,866
1897,2008-08-29,56388,56856,55678,55680,1102400,55680,-708,-708
1898,2008-09-01,55665,55665,54933,55162,520000,55162,-503,-503
1899,2008-09-02,55161,55412,54207,54404,1163200,54404,-757,-757
1900,2008-09-03,54414,55241,52891,53527,1439800,53527,-887,-887
1901,2008-09-04,53527,53749,51157,51409,1542200,51409,-2118,-2118
1902,2008-09-05,51404,51940,50092,51940,1441600,51940,536,536
1903,2008-09-08,51940,53706,50646,50718,1466000,50718,-1222,-1222
1904,2008-09-09,50711,50711,48419,48435,1481000,48435,-2276,-2276
1905,2008-09-10,48439,49957,47606,49633,1904800,49633,1194,1194
1906,2008-09-11,49629,51270,48217,51270,1556200,51270,1641,1641
1907,2008-09-12,51267,52591,50789,52393,1393800,52393,1126,1126
1908,2008-09-15,52386,52386,48409,48416,1589800,48416,-3970,-3970
1909,2008-09-16,48404,49313,46261,49229,2046400,49229,825,825
1910,2008-09-17,49218,49218,45859,45909,2322200,45909,-3309,-3309
1911,2008-09-18,45909,49002,45295,48423,2332600,48423,2514,2514
1912,2008-09-19,48424,53168,48424,53055,2103800,53055,4631,4631
1913,2008-09-22,53055,53455,51530,51541,1450200,51541,-1514,-1514
1914,2008-09-23,51537,51856,49289,49593,1648800,49593,-1944,-1944
1915,2008-09-24,49598,50747,49598,49843,1203000,49843,245,245
1916,2008-09-25,49848,51867,49848,51828,1401400,51828,1980,1980
1917,2008-09-26,51824,51824,49902,50783,1989400,50783,-1041,-1041
1918,2008-09-29,50743,50743,43766,46028,1881800,46028,-4715,-4715
1919,2008-09-30,46026,49541,46026,49541,1557000,49541,3515,3515
1920,2008-10-01,49538,49834,47641,49799,1498000,49799,261,261
1921,2008-10-02,49805,49805,45113,46145,1684200,46145,-3660,-3660
1922,2008-10-03,46155,48075,44158,44517,1577200,44517,-1638,-1638
1923,2008-10-06,44502,44502,37617,42101,2075600,42101,-2401,-2401
1924,2008-10-07,42104,43167,39583,40140,1969600,40140,-1964,-1964
1925,2008-10-08,40137,40439,37597,38594,2832800,38594,-1543,-1543
1926,2008-10-09,38594,40479,36832,37080,2180800,37080,-1514,-1514
1927,2008-10-10,37079,37079,33238,35610,2444600,35610,-1469,-1469
1928,2008-10-13,35609,40829,35609,40829,1974000,40829,5220,5220
1929,2008-10-14,40833,43753,40218,41569,2264400,41569,736,736
1930,2008-10-15,41567,41567,35411,36833,2147000,36833,-4734,-4734
1931,2008-10-16,36835,37394,33752,36442,2284000,36442,-393,-393
1932,2008-10-17,36440,38342,35834,36399,1849400,36399,-41,-41
1933,2008-10-20,36401,39453,36401,39441,1549600,39441,3040,3040
1934,2008-10-21,39440,39980,38083,39043,1533600,39043,-397,-397
1935,2008-10-22,39043,39043,35028,35070,1647800,35070,-3973,-3973
1936,2008-10-23,35069,35777,32706,33818,1962800,33818,-1251,-1251
1937,2008-10-24,33809,33809,30788,31482,2251800,31482,-2327,-2327
1938,2008-10-27,31480,31480,29435,29435,1696200,29435,-2045,-2045
1939,2008-10-28,29438,33387,29438,33387,2342000,33387,3949,3949
1940,2008-10-29,33387,35766,33387,34845,2184800,34845,1458,1458
1941,2008-10-30,34852,37590,34852,37449,2485800,37449,2597,2597
1942,2008-10-31,37447,37945,35858,37257,2002000,37257,-190,-190
1943,2008-11-03,37261,38545,36938,38249,1676800,38249,988,988
1944,2008-11-04,38256,41003,38256,40255,2134200,40255,1999,1999
1945,2008-11-05,40245,40245,37711,37786,2127800,37786,-2459,-2459
1946,2008-11-06,37786,37786,35387,36362,1999000,36362,-1424,-1424
1947,2008-11-07,36362,37716,36297,36665,1764400,36665,303,303
1948,2008-11-10,36672,38725,36298,36776,1467000,36776,104,104
1949,2008-11-11,36775,37629,35499,37262,1536400,37262,487,487
1950,2008-11-12,37261,37261,34221,34374,2413400,34374,-2887,-2887
1951,2008-11-13,34374,36244,33645,35993,1890000,35993,1619,1619
1952,2008-11-14,36003,36697,35016,35789,1628600,35789,-214,-214
1953,2008-11-17,35777,36373,34427,35717,1393600,35717,-60,-60
1954,2008-11-18,35698,35698,33882,34095,1750800,34095,-1603,-1603
1955,2008-11-19,34098,34786,33275,33405,1567200,33405,-693,-693
1956,2008-11-21,33403,33403,31081,31251,1894800,31251,-2152,-2152
1957,2008-11-24,31255,34382,31255,34189,1995600,34189,2934,2934
1958,2008-11-25,34189,35532,33620,34813,1712200,34813,624,624
1959,2008-11-26,34814,36877,34319,36470,2075200,36470,1656,1656
1960,2008-11-27,36470,36817,36114,36213,878600,36213,-257,-257
1961,2008-11-28,36216,37217,35944,36596,1547400,36596,380,380
1962,2008-12-01,36596,36596,34396,34741,1458800,34741,-1855,-1855
1963,2008-12-02,34743,35734,34743,35001,1596400,35001,258,258
1964,2008-12-03,35001,35476,33798,35297,2237800,35297,296,296
1965,2008-12-04,35311,35944,35128,35128,1264800,35128,-183,-183
1966,2008-12-05,35125,35435,34013,35347,1929800,35347,222,222
1967,2008-12-08,35347,38426,35347,38285,2422400,38285,2938,2938
1968,2008-12-09,38285,38863,37653,37968,2011600,37968,-317,-317
1969,2008-12-10,37972,39748,37972,39004,2233000,39004,1032,1032
1970,2008-12-11,39009,39880,38515,38519,1952400,38519,-490,-490
1971,2008-12-12,38517,39374,37014,39374,1692800,39374,857,857
1972,2008-12-15,39368,39735,38320,38320,1631600,38320,-1048,-1048
1973,2008-12-16,38324,39993,38324,39993,1614000,39993,1669,1669
1974,2008-12-17,39993,40361,39121,39947,2284800,39947,-46,-46
1975,2008-12-18,39947,40498,38995,39536,1696200,39536,-411,-411
1976,2008-12-19,39535,39785,38728,39131,1219200,39131,-404,-404
1977,2008-12-22,39140,39452,37478,37619,1275600,37619,-1521,-1521
1978,2008-12-23,37617,38005,36452,36471,860000,36471,-1146,-1146
1979,2008-12-26,36470,37136,36334,36864,508600,36864,394,394
1980,2008-12-29,36864,37631,36638,37060,984800,37060,196,196
1981,2008-12-30,37070,37783,37065,37550,1569800,37550,480,480
1982,2009-01-02,37550,40265,37550,40244,1055200,40244,2694,2694
1983,2009-01-05,40243,41889,39526,41519,1909200,41519,1276,1276
1984,2009-01-06,41520,42363,41520,42312,1791000,42312,792,792
1985,2009-01-07,42308,42308,40563,40820,1383600,40820,-1488,-1488
1986,2009-01-08,40819,41991,40251,41991,1556000,41991,1172,1172
1987,2009-01-09,41992,42525,41181,41583,1573400,41583,-409,-409
1988,2009-01-12,41585,41585,39345,39403,1554600,39403,-2182,-2182
1989,2009-01-13,39397,40323,38623,39544,1798400,39544,147,147
1990,2009-01-14,39537,39570,37658,37982,2198400,37982,-1555,-1555
1991,2009-01-15,37993,39197,36806,39151,2029400,39151,1158,1158
1992,2009-01-16,39149,39904,38578,39342,1734200,39342,193,193
1993,2009-01-19,39351,39570,38700,38828,791000,38828,-523,-523
1994,2009-01-20,38828,39174,37272,37272,1417800,37272,-1556,-1556
1995,2009-01-21,37279,38543,37279,38543,1672000,38543,1264,1264
1996,2009-01-22,38543,38845,37255,37894,1744600,37894,-649,-649
1997,2009-01-23,37891,38660,36744,38132,1433000,38132,241,241
1998,2009-01-26,38130,39065,37831,38509,1493800,38509,379,379
1999,2009-01-27,38511,39025,38422,38699,1423800,38699,188,188
2000,2009-01-28,38704,40438,38704,40227,2132400,40227,1523,1523
2001,2009-01-29,40229,40229,39369,39638,1330400,39638,-591,-591
2002,2009-01-30,39637,40273,39185,39301,1477600,39301,-336,-336
2003,2009-02-02,39296,39364,38453,38666,1334600,38666,-630,-630
2004,2009-02-03,38665,39765,38655,39747,1545000,39747,1082,1082
2005,2009-02-04,39746,41490,39746,40129,2408600,40129,383,383
2006,2009-02-05,40120,41373,39791,41109,1932800,41109,989,989
2007,2009-02-06,41110,42873,41110,42756,2180000,42756,1646,1646
2008,2009-02-09,42755,43441,41977,42100,1749400,42100,-655,-655
2009,2009-02-10,42101,42819,40960,41207,2280000,41207,-894,-894
2010,2009-02-11,41207,42032,40286,40846,1673400,40846,-361,-361
2011,2009-02-12,40827,41082,39992,40501,1782200,40501,-326,-326
2012,2009-02-13,40512,41833,40512,41674,1445400,41674,1162,1162
2013,2009-02-16,41672,41841,41026,41841,1088600,41841,169,169
2014,2009-02-17,41838,41838,39817,39847,1729800,39847,-1991,-1991
2015,2009-02-18,39848,40434,39209,39674,1654400,39674,-174,-174
2016,2009-02-19,39675,40433,39630,39730,1162600,39730,55,55
2017,2009-02-20,39725,39725,38103,38715,1711600,38715,-1010,-1010
2018,2009-02-25,38712,38933,37694,38232,1216400,38232,-480,-480
2019,2009-02-26,38234,39219,38180,38180,1520800,38180,-54,-54
2020,2009-02-27,38178,38801,37324,38183,1654000,38183,5,5
2021,2009-03-02,38180,38180,36196,36235,1728000,36235,-1945,-1945
2022,2009-03-03,36236,37085,35722,36468,1731400,36468,232,232
2023,2009-03-04,36468,38554,36468,38402,1796200,38402,1934,1934
2024,2009-03-05,38391,38391,36973,37369,1354600,37369,-1022,-1022
2025,2009-03-06,37367,38309,36476,37105,1481200,37105,-262,-262
2026,2009-03-09,37103,37464,36392,36741,1067400,36741,-362,-362
2027,2009-03-10,36745,38804,36745,38795,1788200,38795,2050,2050
2028,2009-03-11,38795,39310,38238,38805,1401200,38805,10,10
2029,2009-03-12,38806,39304,38286,39152,1631800,39152,346,346
2030,2009-03-13,39152,39707,38580,39015,1595200,39015,-137,-137
2031,2009-03-16,39018,39713,38467,38607,1526800,38607,-411,-411
2032,2009-03-17,38608,39511,38080,39511,1456800,39511,903,903
2033,2009-03-18,39508,40551,38850,40142,1731800,40142,634,634
2034,2009-03-19,40146,41137,40146,40453,1902800,40453,307,307
2035,2009-03-20,40453,41053,40076,40076,1394200,40076,-377,-377
2036,2009-03-23,40077,42509,40077,42439,1883400,42439,2362,2362
2037,2009-03-24,42439,42439,41476,41476,1826200,41476,-963,-963
2038,2009-03-25,41478,42623,41114,41799,1956400,41799,321,321
2039,2009-03-26,41801,42680,41801,42589,1640400,42589,788,788
2040,2009-03-27,42589,42589,41586,41907,1342000,41907,-682,-682
2041,2009-03-30,41909,41909,40351,40653,1508600,40653,-1256,-1256
2042,2009-03-31,40661,41610,40661,40926,1591200,40926,265,265
2043,2009-04-01,40918,42005,40256,41976,1671600,41976,1058,1058
2044,2009-04-02,41977,44286,41977,43736,2363600,43736,1759,1759
2045,2009-04-03,43738,44610,43520,44391,1882800,44391,653,653
2046,2009-04-06,44385,44385,43429,44167,1466200,44167,-218,-218
2047,2009-04-07,44163,44471,43593,43825,1707600,43825,-338,-338
2048,2009-04-08,43828,44390,43706,44182,1782400,44182,354,354
2049,2009-04-09,44183,45702,44183,45539,1923800,45539,1356,1356
2050,2009-04-13,45536,46179,45226,45992,1552600,45992,456,456
2051,2009-04-14,45989,46591,45284,45418,2127600,45418,-571,-571
2052,2009-04-15,45420,45453,44811,45273,1758000,45273,-147,-147
2053,2009-04-16,45277,46211,45277,46025,1770800,46025,748,748
2054,2009-04-17,46018,46187,45723,45778,1465600,45778,-240,-240
2055,2009-04-20,45778,45778,44275,44433,1272800,44433,-1345,-1345
2056,2009-04-22,44434,45369,44434,44888,1364400,44888,454,454
2057,2009-04-23,44888,45804,44888,45801,1243600,45801,913,913
2058,2009-04-24,45801,46946,45801,46772,1528400,46772,971,971
2059,2009-04-27,46772,46772,45662,45820,1687400,45820,-952,-952
2060,2009-04-28,45819,46138,44966,45821,1792400,45821,2,2
2061,2009-04-29,45825,47410,45825,47227,2053400,47227,1402,1402
2062,2009-04-30,47235,48126,47235,47290,2136000,47290,55,55
2063,2009-05-04,47290,50405,47290,50405,2502000,50405,3115,3115
2064,2009-05-05,50404,50909,50013,50670,1945400,50670,266,266
2065,2009-05-06,50675,52096,50672,51499,2468600,51499,824,824
2066,2009-05-07,51499,52079,49743,50058,2030200,50058,-1441,-1441
2067,2009-05-08,50066,51396,50051,51396,1692800,51396,1330,1330
2068,2009-05-11,51389,51389,50060,50976,1285600,50976,-413,-413
2069,2009-05-12,50980,51565,49808,50326,1852000,50326,-654,-654
2070,2009-05-13,50317,50317,48430,48679,1712200,48679,-1638,-1638
2071,2009-05-14,48671,49461,48284,49446,1416200,49446,775,775
2072,2009-05-15,49447,49552,48796,49007,1508800,49007,-440,-440
2073,2009-05-18,49012,51490,49012,51463,1731600,51463,2451,2451
2074,2009-05-19,51465,52145,50987,51347,2003200,51347,-118,-118
2075,2009-05-20,51349,52640,51143,51245,2062000,51245,-104,-104
2076,2009-05-21,51244,51244,49565,50087,1681000,50087,-1157,-1157
2077,2009-05-22,50089,50893,49989,50568,1308800,50568,479,479
2078,2009-05-25,50558,50969,50558,50816,491000,50816,258,258
2079,2009-05-26,50817,51934,50074,51841,1456600,51841,1024,1024
2080,2009-05-27,51840,53092,51637,51792,1731400,51792,-48,-48
2081,2009-05-28,51795,53041,51795,53041,1518800,53041,1246,1246
2082,2009-05-29,53047,53806,52432,53198,2841400,53198,151,151
2083,2009-06-01,53202,54857,53202,54486,1803000,54486,1284,1284
2084,2009-06-02,54486,54955,53850,54000,1919000,54000,-486,-486
2085,2009-06-03,53999,54001,51643,52087,2037400,52087,-1912,-1912
2086,2009-06-04,52094,53464,51745,53464,1398400,53464,1370,1370
2087,2009-06-05,53474,54627,53050,53341,1442200,53341,-133,-133
2088,2009-06-08,53340,53905,52483,53630,1184800,53630,290,290
2089,2009-06-09,53633,54102,52845,53157,1228400,53157,-476,-476
2090,2009-06-10,53159,54048,52819,53411,1437800,53411,252,252
2091,2009-06-12,53411,53936,53143,53558,1421800,53558,147,147
2092,2009-06-15,53558,53558,51252,52034,1662800,52034,-1524,-1524
2093,2009-06-16,52035,52494,51166,51206,1328600,51206,-829,-829
2094,2009-06-17,51197,51197,50265,51046,1638000,51046,-151,-151
2095,2009-06-18,51050,51275,50510,50903,1165000,50903,-147,-147
2096,2009-06-19,50908,51665,50908,51374,1225000,51374,466,466
2097,2009-06-22,51367,51367,49411,49495,1602000,49495,-1872,-1872
2098,2009-06-23,49496,49902,49130,49814,1395200,49814,318,318
2099,2009-06-24,49819,50758,49520,49672,1370200,49672,-147,-147
2100,2009-06-25,49668,51515,49327,51515,1591600,51515,1847,1847
2101,2009-06-26,51517,51935,51341,51486,1220400,51486,-31,-31
2102,2009-06-29,51488,52275,51488,52138,1052800,52138,650,650
2103,2009-06-30,52143,52435,51102,51465,1321200,51465,-678,-678
2104,2009-07-01,51464,52383,51464,51544,1371200,51544,80,80
2105,2009-07-02,51538,51538,50608,51025,1006400,51025,-513,-513
2106,2009-07-03,51026,51167,50915,50935,487800,50935,-91,-91
2107,2009-07-06,50932,50932,49691,50622,1377800,50622,-310,-310
2108,2009-07-07,50619,50621,49400,49457,1637400,49457,-1162,-1162
2109,2009-07-08,49460,49846,48456,49178,1545600,49178,-282,-282
2110,2009-07-10,49175,49326,48714,49221,1038800,49221,46,46
2111,2009-07-13,49221,49644,48262,49187,1331400,49187,-34,-34
2112,2009-07-14,49186,49647,48573,48873,1431200,48873,-313,-313
2113,2009-07-15,48876,51488,48876,51297,1885000,51297,2421,2421
2114,2009-07-16,51292,52338,50703,51918,1547400,51918,626,626
2115,2009-07-17,51918,52352,51736,52072,1232200,52072,154,154
2116,2009-07-20,52073,53262,52073,53155,1498200,53155,1082,1082
2117,2009-07-21,53155,53716,52520,53234,1396200,53234,79,79
2118,2009-07-22,53232,53664,52543,53073,1360000,53073,-159,-159
2119,2009-07-23,53074,54629,53065,54249,2061200,54249,1175,1175
2120,2009-07-24,54249,54600,54037,54457,1131800,54457,208,208
2121,2009-07-27,54458,54886,53943,54549,1108600,54549,91,91
2122,2009-07-28,54547,54547,53779,54472,1304800,54472,-75,-75
2123,2009-07-29,54470,54470,53256,53735,1231600,53735,-735,-735
2124,2009-07-30,53735,55083,53735,54478,1248200,54478,743,743
2125,2009-07-31,54474,54980,54206,54766,1225200,54766,292,292
2126,2009-08-03,54766,56200,54766,55998,1256400,55998,1232,1232
2127,2009-08-04,55998,56656,55727,56038,1512800,56038,40,40
2128,2009-08-05,56041,56586,55407,56384,1241000,56384,343,343
2129,2009-08-06,56385,56780,55361,55755,1333400,55755,-630,-630
2130,2009-08-07,55758,56644,55758,56330,1259200,56330,572,572
2131,2009-08-10,56329,56830,56151,56830,1191200,56830,501,501
2132,2009-08-11,56816,56816,55568,55761,1406600,55761,-1055,-1055
2133,2009-08-12,55761,56696,55714,56588,1659800,56588,827,827
2134,2009-08-13,56588,57367,56533,57048,1511400,57048,460,460
2135,2009-08-14,57048,57190,55979,56638,1496800,56638,-410,-410
2136,2009-08-17,56636,56636,54881,55218,1402000,55218,-1418,-1418
2137,2009-08-18,55219,55891,55216,55749,1129400,55749,530,530
2138,2009-08-19,55748,56212,54918,56156,1279200,56156,408,408
2139,2009-08-20,56173,56897,56143,56831,1070200,56831,658,658
2140,2009-08-21,56836,57782,56836,57729,1240400,57729,893,893
2141,2009-08-24,57731,58634,57698,57775,1428000,57775,44,44
2142,2009-08-25,57778,58311,57401,57421,1251200,57421,-357,-357
2143,2009-08-26,57425,57791,57106,57766,1237600,57766,341,341
2144,2009-08-27,57769,57878,56845,57704,1345200,57704,-65,-65
2145,2009-08-28,57704,58136,57344,57701,1176200,57701,-3,-3
2146,2009-08-31,57698,57698,56170,56489,1504200,56489,-1209,-1209
2147,2009-09-01,56489,57002,55764,55815,1443600,55815,-674,-674
2148,2009-09-02,55813,55948,55386,55386,1644400,55386,-427,-427
2149,2009-09-03,55389,55888,55339,55707,1272200,55707,318,318
2150,2009-09-04,55707,56729,55656,56652,1198000,56652,945,945
2151,2009-09-08,56655,57855,56655,57855,1375000,57855,1200,1200
2152,2009-09-09,57844,58089,57534,57910,1357800,57910,66,66
2153,2009-09-10,57908,58538,57615,58536,1401400,58536,628,628
2154,2009-09-11,58537,58834,58145,58366,1119800,58366,-171,-171
2155,2009-09-14,58363,58868,57753,58868,990600,58868,505,505
2156,2009-09-15,58868,59401,58691,59264,1128800,59264,396,396
2157,2009-09-16,59265,60526,59265,60411,1810800,60411,1146,1146
2158,2009-09-17,60409,61027,60116,60236,1594200,60236,-173,-173
2159,2009-09-18,60236,60710,60158,60703,1290400,60703,467,467
2160,2009-09-21,60703,61066,60014,60928,1358600,60928,225,225
2161,2009-09-22,60938,62017,60938,61493,1587200,61493,555,555
2162,2009-09-23,61489,61630,60478,60496,1521000,60496,-993,-993
2163,2009-09-24,60496,60978,59600,60046,1312000,60046,-450,-450
2164,2009-09-25,60045,60472,59755,60356,989800,60356,311,311
2165,2009-09-28,60357,61317,60357,61317,955800,61317,960,960
2166,2009-09-29,61316,61599,60750,61235,1175400,61235,-81,-81
2167,2009-09-30,61241,61926,60978,61518,1544800,61518,277,277
2168,2009-10-01,61519,61519,60306,60459,1401200,60459,-1060,-1060
2169,2009-10-02,60453,61333,59678,61172,1736000,61172,719,719
2170,2009-10-05,61178,62460,61178,62369,1335400,62369,1191,1191
2171,2009-10-06,62378,63291,62002,62671,1665600,62671,293,293
2172,2009-10-07,62666,63015,62104,62638,1413600,62638,-28,-28
2173,2009-10-08,62640,63816,62640,63760,1766000,63760,1120,1120
2174,2009-10-09,63772,64177,63493,64071,1153000,64071,299,299
2175,2009-10-13,64075,64646,63967,64646,1190600,64646,571,571
2176,2009-10-14,64653,66393,64653,66201,2096400,66201,1548,1548
2177,2009-10-15,66199,66703,65837,66703,1328400,66703,504,504
2178,2009-10-16,66703,66703,65499,66200,1484600,66200,-503,-503
2179,2009-10-19,66200,67530,66194,67239,1402200,67239,1039,1039
2180,2009-10-20,67231,67231,64076,65303,2649200,65303,-1928,-1928
2181,2009-10-21,65302,67157,65221,65486,1792600,65486,184,184
2182,2009-10-22,65490,66502,65454,66135,1273200,66135,645,645
2183,2009-10-23,66144,66982,64988,65059,1393800,65059,-1085,-1085
2184,2009-10-26,65056,65901,64501,65086,1380400,65086,30,30
2185,2009-10-27,65090,65498,63161,63161,1499200,63161,-1929,-1929
2186,2009-10-28,63161,63173,60146,60162,2238800,60162,-2999,-2999
2187,2009-10-29,60167,63907,60167,63721,1747800,63721,3554,3554
2188,2009-10-30,63721,64226,60913,61546,1996200,61546,-2175,-2175
2189,2009-11-03,61539,63237,60724,62643,1902600,62643,1104,1104
2190,2009-11-04,62650,64142,62650,63913,1891200,63913,1263,1263
2191,2009-11-05,63907,64830,63700,64816,1575600,64816,909,909
2192,2009-11-06,64820,65094,63587,64466,1659000,64466,-354,-354
2193,2009-11-09,64475,66236,64475,66214,1599800,66214,1739,1739
2194,2009-11-10,66214,66709,65706,66303,1652000,66303,89,89
2195,2009-11-11,66303,67170,66028,66431,1807800,66431,128,128
2196,2009-11-12,66427,66614,64319,64448,1914400,64448,-1979,-1979
2197,2009-11-13,64452,65788,64229,65326,1859000,65326,874,874
2198,2009-11-16,65326,66896,65326,66627,1757800,66627,1301,1301
2199,2009-11-17,66632,67409,66232,67406,1733800,67406,774,774
2200,2009-11-18,67430,68060,66494,66516,1592000,66516,-914,-914
2201,2009-11-19,66514,66564,65547,66327,1467000,66327,-187,-187
2202,2009-11-23,66335,67365,66335,66809,1582600,66809,474,474
2203,2009-11-24,66812,67317,65969,67317,1348000,67317,505,505
2204,2009-11-25,67319,67997,67241,67917,1385400,67917,598,598
2205,2009-11-26,67911,67911,66236,66392,825600,66392,-1519,-1519
2206,2009-11-27,66371,67086,65737,67082,1172000,67082,711,711
2207,2009-11-30,67082,67545,66876,67044,2224800,67044,-38,-38
2208,2009-12-01,67051,68616,67051,68546,2326400,68546,1495,1495
2209,2009-12-02,68412,69139,68412,68615,1362000,68615,203,203
2210,2009-12-03,68622,69336,68308,68315,1223400,68315,-307,-307
2211,2009-12-04,68316,69361,67328,67604,1410600,67604,-712,-712
2212,2009-12-07,67611,68866,67611,68512,1186200,68512,901,901
2213,2009-12-08,68511,68511,67470,67729,1550000,67729,-782,-782
2214,2009-12-09,67736,68272,67484,68012,1141400,68012,276,276
2215,2009-12-10,68021,68912,68021,68728,1473200,68728,707,707
2216,2009-12-11,68750,69502,68750,69267,1489600,69267,517,517
2217,2009-12-14,69273,69785,69193,69349,1294000,69349,76,76
2218,2009-12-15,69345,69515,68822,69311,1284200,69311,-34,-34
2219,2009-12-16,69310,69622,68466,68622,1710000,68622,-688,-688
2220,2009-12-17,68619,68619,66792,67068,1339400,67068,-1551,-1551
2221,2009-12-18,67068,67281,66322,66794,1075200,66794,-274,-274
2222,2009-12-21,66806,67671,65925,65925,1406000,65925,-881,-881
2223,2009-12-22,65940,67421,65940,67418,1272600,67418,1478,1478
2224,2009-12-23,67418,67810,66943,67589,904400,67589,171,171
2225,2009-12-28,67591,68277,67591,67902,556400,67902,311,311
2226,2009-12-29,67902,68309,67902,68296,669200,68296,394,394
2227,2009-12-30,68277,68588,67749,68588,1182200,68588,311,311
2228,2010-01-04,68587,70081,68587,70045,1655400,70045,1458,1458
2229,2010-01-05,70046,70595,69928,70240,1984200,70240,194,194
2230,2010-01-06,70237,70937,70016,70729,2243600,70729,492,492
2231,2010-01-07,70723,70723,70045,70451,1555000,70451,-272,-272
2232,2010-01-08,70455,70766,70158,70263,1634400,70263,-192,-192
2233,2010-01-11,70267,71068,70158,70433,1569000,70433,166,166
2234,2010-01-12,70429,70429,69284,70076,1628600,70076,-353,-353
2235,2010-01-13,70081,70626,69535,70385,1818800,70385,304,304
2236,2010-01-14,70377,70508,69661,69801,1830200,69801,-576,-576
2237,2010-01-15,69780,69788,68695,68978,1648400,68978,-802,-802
2238,2010-01-18,68983,69748,68983,69401,1139000,69401,418,418
2239,2010-01-19,69396,70036,68867,69909,1323400,69909,513,513
2240,2010-01-20,69901,69901,67546,68200,1990600,68200,-1701,-1701
2241,2010-01-21,68200,68458,65996,66270,2263800,66270,-1930,-1930
2242,2010-01-22,66264,66660,65445,66220,1305000,66220,-44,-44
2243,2010-01-26,66213,66213,64719,65524,1990400,65524,-689,-689
2244,2010-01-27,65527,65663,64553,65070,1813600,65070,-457,-457
2245,2010-01-28,65071,66049,64541,65588,1649400,65588,517,517
2246,2010-01-29,65591,66576,65140,65402,1823200,65402,-189,-189
2247,2010-02-01,65402,66763,65362,66572,1494400,66572,1170,1170
2248,2010-02-02,66589,67321,66539,67163,1587800,67163,574,574
2249,2010-02-03,67163,67347,66774,67109,1765000,67109,-54,-54
2250,2010-02-04,67100,67100,63750,63934,2262400,63934,-3166,-3166
2251,2010-02-05,63934,64001,61341,62763,3053000,62763,-1171,-1171
2252,2010-02-08,62760,63923,62728,63153,1875600,63153,393,393
2253,2010-02-09,63164,65526,63164,64718,1357400,64718,1554,1554
2254,2010-02-10,64721,65170,64320,65051,891000,65051,330,330
2255,2010-02-11,65050,66145,64344,66129,1259000,66129,1079,1079
2256,2010-02-12,66129,66133,65123,65855,873200,65855,-274,-274
2257,2010-02-17,65863,67542,65863,67285,0,67285,1422,1422
2258,2010-02-18,67285,67836,66550,67836,1286600,67836,551,551
2259,2010-02-19,67811,67935,67210,67597,1248000,67597,-214,-214
2260,2010-02-22,67598,68120,67035,67184,1401600,67184,-414,-414
2261,2010-02-23,67179,67179,65660,66108,1644800,66108,-1071,-1071
2262,2010-02-24,66110,66514,65534,65795,1573000,65795,-315,-315
2263,2010-02-25,65765,66325,64429,66121,1792200,66121,356,356
2264,2010-02-26,66118,66510,65607,66503,1731400,66503,385,385
2265,2010-03-01,66511,67397,66511,67228,1363000,67228,717,717
2266,2010-03-02,67228,68250,67228,67779,1708600,67779,551,551
2267,2010-03-03,67780,68813,67482,67641,2113800,67641,-139,-139
2268,2010-03-04,67643,68198,66924,67815,1398600,67815,172,172
2269,2010-03-05,67823,68930,67823,68847,1950600,68847,1024,1024
2270,2010-03-08,68851,69070,68318,68575,1428200,68575,-276,-276
2271,2010-03-09,68573,70144,68255,69576,2464200,69576,1003,1003
2272,2010-03-10,69578,70476,69578,69979,1909200,69979,401,401
2273,2010-03-11,69981,70183,69411,69885,1627200,69885,-96,-96
2274,2010-03-12,69901,70486,69341,69341,1569000,69341,-560,-560
2275,2010-03-15,69340,69384,68623,69024,1453000,69024,-316,-316
2276,2010-03-16,69023,69949,69022,69942,1302400,69942,919,919
2277,2010-03-17,69945,70424,69376,69723,1372000,69723,-222,-222
2278,2010-03-18,69726,70128,68972,69697,1656200,69697,-29,-29
2279,2010-03-19,69701,69998,68773,68829,1957400,68829,-872,-872
2280,2010-03-22,68814,69121,67899,69042,1395200,69042,228,228
2281,2010-03-23,69049,69613,68913,69387,1606600,69387,338,338
2282,2010-03-24,69382,69677,68744,68913,1597400,68913,-469,-469
2283,2010-03-25,68916,69572,68377,68442,1478400,68442,-474,-474
2284,2010-03-26,68442,68910,68024,68683,1771400,68683,241,241
2285,2010-03-29,68681,69943,68681,69939,1528000,69939,1258,1258
2286,2010-03-30,69942,70451,69750,69960,1490000,69960,18,18
2287,2010-03-31,69960,70392,69573,70372,1676800,70372,412,412
2288,2010-04-01,70375,71401,70373,71136,1552800,71136,761,761
2289,2010-04-05,71148,71645,71148,71290,1316000,71290,142,142
2290,2010-04-06,71290,71711,70823,71096,1697000,71096,-194,-194
2291,2010-04-07,71092,71257,70531,70793,1720400,70793,-299,-299
2292,2010-04-08,70793,71805,70462,71785,1701800,71785,992,992
2293,2010-04-09,71783,71989,71307,71417,1680000,71417,-366,-366
2294,2010-04-12,71414,71607,70505,70614,1471600,70614,-800,-800
2295,2010-04-13,70618,71053,70169,70792,1634200,70792,174,174
2296,2010-04-14,70794,71207,70628,71035,1758800,71035,241,241
2297,2010-04-15,71036,71066,70429,70524,2264600,70524,-512,-512
2298,2010-04-16,70522,70522,69013,69421,2043800,69421,-1101,-1101
2299,2010-04-19,69418,69431,68378,69098,1722000,69098,-320,-320
2300,2010-04-20,69101,69702,69101,69318,1750200,69318,217,217
2301,2010-04-22,69313,69528,68081,69386,1787200,69386,73,73
2302,2010-04-23,69388,69709,68832,69509,1366800,69509,121,121
2303,2010-04-26,69509,69810,68813,68872,1179400,68872,-637,-637
2304,2010-04-27,68868,68868,66499,66511,2062200,66511,-2357,-2357
2305,2010-04-28,66513,67253,65914,66656,1855600,66656,143,143
2306,2010-04-29,66661,68012,66661,67978,1609400,67978,1317,1317
2307,2010-04-30,67975,67975,67243,67530,2120200,67530,-445,-445
2308,2010-05-03,67534,67969,66723,67119,1776000,67119,-415,-415
2309,2010-05-04,67116,67116,64588,64869,2820000,64869,-2247,-2247
2310,2010-05-05,64859,65612,63533,64914,2681200,64914,55,55
2311,2010-05-06,64915,65533,60774,63414,3207600,63414,-1501,-1501
2312,2010-05-07,63416,63945,61663,62871,2903400,62871,-545,-545
2313,2010-05-10,62872,66083,62872,65453,2377400,65453,2581,2581
2314,2010-05-11,65449,65733,64425,64425,2401600,64425,-1024,-1024
2315,2010-05-12,64438,65351,64438,65224,1981400,65224,786,786
2316,2010-05-13,65223,65427,64738,64788,1798200,64788,-435,-435
2317,2010-05-14,64787,64787,63050,63412,2220800,63412,-1375,-1375
2318,2010-05-17,63406,63593,61825,62866,2746000,62866,-540,-540
2319,2010-05-18,62871,63529,60810,60841,2787000,60841,-2030,-2030
2320,2010-05-19,60841,60850,59068,59689,3203000,59689,-1152,-1152
2321,2010-05-20,59684,59684,57634,58192,3369200,58192,-1492,-1492
2322,2010-05-21,58192,60303,57997,60259,2558200,60259,2067,2067
2323,2010-05-24,60255,60850,59815,59915,1792600,59915,-340,-340
2324,2010-05-25,59912,59912,57876,59184,2477800,59184,-728,-728
2325,2010-05-26,59182,60701,59179,60190,3638600,60190,1008,1008
2326,2010-05-27,60191,62262,60189,62092,2388000,62092,1901,1901
2327,2010-05-28,62080,62247,61305,61947,2081600,61947,-133,-133
2328,2010-05-31,61950,63047,61950,63047,1197600,63047,1097,1097
2329,2010-06-01,63033,63033,61605,61841,2253800,61841,-1192,-1192
2330,2010-06-02,61836,63198,61814,62943,1878400,62943,1107,1107
2331,2010-06-04,62940,62940,61422,61676,1691000,61676,-1264,-1264
2332,2010-06-07,61675,62119,61099,61183,1627000,61183,-492,-492
2333,2010-06-08,61187,62000,61187,61856,1605200,61856,669,669
2334,2010-06-09,61799,62684,61479,61479,1736400,61479,-320,-320
2335,2010-06-10,61484,63146,61484,63049,1717000,63049,1565,1565
2336,2010-06-11,63044,63766,62371,63605,1345800,63605,561,561
2337,2010-06-14,63613,64296,63529,63533,1793600,63533,-80,-80
2338,2010-06-15,63534,64554,63534,64442,1267200,64442,908,908
2339,2010-06-16,64442,65097,63974,64751,2441000,64751,309,309
2340,2010-06-17,64745,65182,64115,64541,1888800,64541,-204,-204
2341,2010-06-18,64542,64941,64239,64438,1871800,64438,-104,-104
2342,2010-06-21,64442,65517,64442,64829,1623000,64829,387,387
2343,2010-06-22,64834,65831,64690,64811,1931800,64811,-23,-23
2344,2010-06-23,64812,65161,64247,65160,1762200,65160,348,348
2345,2010-06-24,65154,65154,63736,63937,1786400,63937,-1217,-1217
2346,2010-06-25,63937,64869,63806,64824,1257200,64824,887,887
2347,2010-06-28,64825,65105,64225,64225,943200,64225,-600,-600
2348,2010-06-29,64216,64216,61670,61978,2196000,61978,-2238,-2238
2349,2010-06-30,61972,62645,60936,60936,1958400,60936,-1036,-1036
2350,2010-07-01,60935,61381,60056,61236,2130000,61236,301,301
2351,2010-07-02,61236,61812,60764,61430,1143800,61430,194,194
2352,2010-07-05,61436,61667,60796,60865,760000,60865,-571,-571
2353,2010-07-06,60870,62451,60870,62065,1786600,62065,1195,1195
2354,2010-07-07,62067,63313,62004,63284,1732200,63284,1217,1217
2355,2010-07-08,63282,63596,62895,63476,1658000,63476,194,194
2356,2010-07-12,63477,63972,62750,62960,1229000,62960,-517,-517
2357,2010-07-13,62964,63777,62964,63686,1583800,63686,722,722
2358,2010-07-14,63686,63688,63015,63479,1450400,63479,-207,-207
2359,2010-07-15,63482,63612,62960,63489,1564800,63489,7,7
2360,2010-07-16,63487,63492,62298,62339,1326400,62339,-1148,-1148
2361,2010-07-19,62351,63300,62351,63297,1276400,63297,946,946
2362,2010-07-20,63290,64481,62902,64463,2429400,64463,1173,1173
2363,2010-07-21,64468,65136,64209,64477,1821800,64477,9,9
2364,2010-07-22,64504,66213,64504,65748,2320600,65748,1244,1244
2365,2010-07-23,65748,66323,65427,66323,1540000,66323,575,575
2366,2010-07-26,66322,66619,66151,66443,1234400,66443,121,121
2367,2010-07-27,66449,67102,66293,66674,1601800,66674,225,225
2368,2010-07-28,66670,67051,66427,66808,1939400,66808,138,138
2369,2010-07-29,66796,67428,66596,66954,2160200,66954,158,158
2370,2010-07-30,66951,67608,66218,67515,2088400,67515,564,564
2371,2010-08-02,67524,68754,67524,68517,1766600,68517,993,993
2372,2010-08-03,68517,68561,67942,67997,1900000,67997,-520,-520
2373,2010-08-04,67996,68534,67577,68272,1875200,68272,276,276
2374,2010-08-05,68271,68471,68002,68412,1611600,68412,141,141
2375,2010-08-06,68416,68509,67686,68095,1513200,68095,-321,-321
2376,2010-08-09,68096,68513,67749,67862,1254800,67862,-234,-234
2377,2010-08-10,67836,67836,66946,67223,1625400,67223,-613,-613
2378,2010-08-11,67217,67217,65690,65790,1732800,65790,-1427,-1427
2379,2010-08-12,65788,66027,65257,65966,1546600,65966,178,178
2380,2010-08-13,65964,66590,65921,66264,1841200,66264,300,300
2381,2010-08-16,66260,66868,66187,66702,1394800,66702,442,442
2382,2010-08-17,66702,67666,66702,67584,1747000,67584,882,882
2383,2010-08-18,67584,67745,67006,67638,2367000,67638,54,54
2384,2010-08-19,67641,67713,66824,66887,1920000,66887,-754,-754
2385,2010-08-20,66892,66892,66337,66677,1414600,66677,-215,-215
2386,2010-08-23,66678,67175,65982,65982,1379600,65982,-696,-696
2387,2010-08-24,65946,65946,65013,65156,1604200,65156,-790,-790
2388,2010-08-25,65156,65156,64164,64803,1753000,64803,-353,-353
2389,2010-08-26,64802,65271,63804,63867,1773400,63867,-935,-935
2390,2010-08-27,63875,65589,63848,65585,1764000,65585,1710,1710
2391,2010-08-30,65585,65585,64255,64261,1286400,64261,-1324,-1324
2392,2010-08-31,64262,65182,64202,65145,3284800,65145,883,883
2393,2010-09-01,65154,67073,65154,67073,2509000,67073,1919,1919
2394,2010-09-02,67073,67168,66405,66808,1601200,66808,-265,-265
2395,2010-09-03,66812,67673,66541,66679,2019200,66679,-133,-133
2396,2010-09-06,66679,66949,66380,66747,651400,66747,68,68
2397,2010-09-08,66739,66739,66101,66407,1716000,66407,-332,-332
2398,2010-09-09,66411,66807,66353,66624,1438800,66624,213,213
2399,2010-09-10,66622,66920,66459,66807,1561000,66807,185,185
2400,2010-09-13,66807,68142,66807,68031,2144400,68031,1224,1224
2401,2010-09-14,68030,68093,67561,67692,2594000,67692,-338,-338
2402,2010-09-15,67690,68107,67119,68107,2234200,68107,417,417
2403,2010-09-16,68103,68103,67507,67663,1464400,67663,-440,-440
2404,2010-09-17,67665,67773,66993,67089,1629400,67089,-576,-576
2405,2010-09-20,67087,68241,67009,68190,1775200,68190,1103,1103
2406,2010-09-21,68189,68255,67528,67719,1734000,67719,-470,-470
2407,2010-09-22,67711,68549,67346,68325,2495200,68325,614,614
2408,2010-09-23,68321,69601,67892,68794,3305200,68794,473,473
2409,2010-09-24,68800,69571,68021,68196,3441000,68196,-604,-604
2410,2010-09-27,68197,68926,68011,68816,2138600,68816,619,619
2411,2010-09-28,68817,69431,68455,69228,1851800,69228,411,411
2412,2010-09-29,69225,69420,68958,69228,3067200,69228,3,3
2413,2010-09-30,69230,69737,68924,69430,2466200,69430,200,200
2414,2010-10-01,69438,70243,69228,70229,2452600,70229,791,791
2415,2010-10-04,70230,70551,70089,70385,1876800,70385,155,155
2416,2010-10-05,70390,71285,70390,71283,2713000,71283,893,893
2417,2010-10-06,71284,71290,70343,70541,2780600,70541,-743,-743
2418,2010-10-07,70545,70739,69314,69918,2587200,69918,-627,-627
2419,2010-10-08,69921,70828,69698,70809,2136000,70809,888,888
2420,2010-10-11,70810,71111,70810,70946,1169000,70946,136,136
2421,2010-10-13,70950,71995,70950,71675,2985000,71675,725,725
2422,2010-10-14,71676,71961,71264,71692,2633000,71692,16,16
2423,2010-10-15,71699,72140,71351,71830,2015200,71830,131,131
2424,2010-10-18,71830,71884,71341,71736,2111600,71736,-94,-94
2425,2010-10-19,71735,71735,69628,69864,2495200,69864,-1871,-1871
2426,2010-10-20,69863,70720,69814,70405,2407200,70405,542,542
2427,2010-10-21,70406,70958,68952,69652,2587800,69652,-754,-754
2428,2010-10-22,69658,70312,68847,69530,2421600,69530,-128,-128
2429,2010-10-25,69536,70231,69451,69580,3836000,69580,44,44
2430,2010-10-26,69582,70834,69055,70740,2576800,70740,1158,1158
2431,2010-10-27,70735,70844,70059,70569,2202600,70569,-166,-166
2432,2010-10-28,70573,71263,70234,70320,2230200,70320,-253,-253
2433,2010-10-29,70322,70776,70322,70673,2208800,70673,351,351
2434,2010-11-01,70686,71751,70673,71561,1555000,71561,875,875
2435,2010-11-03,71560,72110,71510,71905,2145800,71905,345,345
2436,2010-11-04,71910,73103,71910,72996,2175800,72996,1086,1086
2437,2010-11-05,72987,72987,72534,72607,1732000,72607,-380,-380
2438,2010-11-08,72607,72875,72336,72657,1077600,72657,50,50
2439,2010-11-09,72654,73045,71651,71679,1505000,71679,-975,-975
2440,2010-11-10,71674,71854,70868,71638,0,71638,-36,-36
2441,2010-11-11,71639,71639,70941,71195,1353200,71195,-444,-444
2442,2010-11-12,71191,71191,70004,70367,1188600,70367,-824,-824
2443,2010-11-16,70364,70364,68662,69192,2240800,69192,-1172,-1172
2444,2010-11-17,69189,70080,69187,69709,0,69709,520,520
2445,2010-11-18,69716,70904,69716,70781,1881600,70781,1065,1065
2446,2010-11-19,70774,70898,70236,70898,1506400,70898,124,124
2447,2010-11-22,70898,70898,69202,69633,1739200,69633,-1265,-1265
2448,2010-11-23,69629,69629,67728,67953,2080600,67953,-1676,-1676
2449,2010-11-24,67955,69746,67955,69629,1990600,69629,1674,1674
2450,2010-11-25,69634,69780,69362,69362,981600,69362,-272,-272
2451,2010-11-26,69349,69349,68219,68226,1564800,68226,-1123,-1123
2452,2010-11-29,68218,68422,67103,67908,1777800,67908,-310,-310
2453,2010-11-30,67901,68476,67271,67705,2159200,67705,-196,-196
2454,2010-12-01,67731,69605,67731,69346,0,69346,1615,1615
2455,2010-12-02,69341,69943,69219,69527,2111800,69527,186,186
2456,2010-12-03,69529,69963,68943,69766,2828000,69766,237,237
2457,2010-12-06,69759,69932,69378,69552,0,69552,-207,-207
2458,2010-12-07,69563,70589,69338,69338,0,69338,-225,-225
2459,2010-12-08,69338,69354,68046,68175,2671600,68175,-1163,-1163
2460,2010-12-09,68173,68561,67563,67879,2447200,67879,-294,-294
2461,2010-12-10,67889,68514,67866,68342,0,68342,453,453
2462,2010-12-13,68342,69221,68342,69126,0,69126,784,784
2463,2010-12-14,69127,69127,68531,68743,0,68743,-384,-384
2464,2010-12-15,68741,68741,67711,67870,2962400,67870,-871,-871
2465,2010-12-16,67875,68377,67138,67306,2401400,67306,-569,-569
2466,2010-12-17,67304,67981,66948,67981,0,67981,677,677
2467,2010-12-20,67979,68196,67264,67264,2352800,67264,-715,-715
2468,2010-12-21,67261,68461,67261,68215,1897400,68215,954,954
2469,2010-12-22,68218,68472,67727,68471,1656800,68471,253,253
2470,2010-12-23,68470,68562,68250,68486,1229400,68486,16,16
2471,2010-12-27,68476,68476,67803,67803,1035400,67803,-673,-673
2472,2010-12-28,67810,68104,67810,68041,0,68041,231,231
2473,2010-12-29,68043,69040,68043,68952,1307800,68952,909,909
2474,2010-12-30,68953,69527,68940,69305,2102200,69305,352,352
2475,2011-01-03,69310,70471,69305,69962,1862400,69962,652,652
2476,2011-01-04,69962,70318,69560,70318,2427200,70318,356,356
2477,2011-01-05,70311,71173,69802,71091,2309200,71091,780,780
2478,2011-01-06,71093,71167,70469,70579,2546000,70579,-514,-514
2479,2011-01-07,70580,70783,69718,70057,1761000,70057,-523,-523
2480,2011-01-10,70056,70133,69666,70127,1610800,70127,71,71
2481,2011-01-11,70146,70647,70145,70423,2138000,70423,277,277
2482,2011-01-12,70429,71633,70429,71633,2516000,71633,1204,1204
2483,2011-01-13,71631,71924,70719,70721,2237800,70721,-910,-910
2484,2011-01-14,70723,71184,70397,70940,1806600,70940,217,217
2485,2011-01-17,70940,70940,70544,70609,1538600,70609,-331,-331
2486,2011-01-18,70612,71094,70612,70920,1877400,70920,308,308
2487,2011-01-19,70921,71190,69966,70058,1884800,70058,-863,-863
2488,2011-01-20,70056,70083,69177,69562,2169600,69562,-494,-494
2489,2011-01-21,69560,70027,69095,69133,2071800,69133,-427,-427
2490,2011-01-24,69134,69513,68786,69427,1474400,69427,293,293
2491,2011-01-26,69427,69556,68515,68709,2542400,68709,-718,-718
2492,2011-01-27,68717,69108,67775,68051,2304400,68051,-666,-666
2493,2011-01-28,68051,68182,65898,66698,2544000,66698,-1353,-1353
2494,2011-01-31,66697,67166,66271,66575,2253800,66575,-122,-122
2495,2011-02-01,66575,67922,66575,67847,2114000,67847,1272,1272
2496,2011-02-02,67844,68012,66643,66688,2551400,66688,-1156,-1156
2497,2011-02-03,66688,66849,66091,66765,2380800,66765,77,77
2498,2011-02-04,66752,66946,65160,65269,2676800,65269,-1483,-1483
2499,2011-02-07,65272,65893,64916,65362,1980400,65362,90,90
2500,2011-02-08,65359,66238,65110,65771,2764000,65771,412,412
2501,2011-02-09,65767,65767,64016,64218,2811400,64218,-1549,-1549
2502,2011-02-10,64217,65106,64185,64578,2356400,64578,361,361
2503,2011-02-11,64582,65890,64562,65756,2396400,65756,1174,1174
2504,2011-02-14,65751,66743,65462,66558,1945000,66558,807,807
2505,2011-02-15,66558,66861,66117,66341,2355400,66341,-217,-217
2506,2011-02-16,66342,67793,66342,67571,2672400,67571,1229,1229
2507,2011-02-17,67580,67876,67107,67685,2147800,67685,105,105
2508,2011-02-18,67685,68226,67386,68067,1944000,68067,382,382
2509,2011-02-21,68067,68067,67085,67259,1453000,67259,-808,-808
2510,2011-02-22,67255,67570,66342,66440,3045400,66440,-815,-815
2511,2011-02-23,66440,67266,66049,66910,3335000,66910,470,470
2512,2011-02-24,66909,67344,66693,66949,2699200,66949,40,40
2513,2011-02-25,66952,67632,66331,66903,2394600,66903,-49,-49
2514,2011-02-28,66909,67458,66687,67383,2640400,67383,474,474
2515,2011-03-01,67381,67708,66243,66243,2166400,66243,-1138,-1138
2516,2011-03-02,66242,67282,66101,67282,2518600,67282,1040,1040
2517,2011-03-03,67284,68188,67284,68146,2254600,68146,862,862
2518,2011-03-04,68138,68220,67514,68012,1840000,68012,-126,-126
2519,2011-03-09,68010,68057,67109,67264,1407600,67264,-746,-746
2520,2011-03-10,67256,67256,65854,66041,2375000,66041,-1215,-1215
2521,2011-03-11,66041,67014,65559,66685,2491000,66685,644,644
2522,2011-03-14,66684,67333,66088,67169,1874200,67169,485,485
2523,2011-03-15,67168,67168,65463,67005,2852200,67005,-163,-163
2524,2011-03-16,67011,67502,65663,66003,3056800,66003,-1008,-1008
2525,2011-03-17,66017,66950,66015,66216,1985000,66216,199,199
2526,2011-03-18,66217,67384,66217,66880,2842800,66880,663,663
2527,2011-03-21,66887,67676,66656,66690,2557400,66690,-197,-197
2528,2011-03-22,66684,67631,66531,67578,2357800,67578,894,894
2529,2011-03-23,67570,67918,67317,67796,2145600,67796,226,226
2530,2011-03-24,67799,68009,67406,67533,1819800,67533,-266,-266
2531,2011-03-25,67528,68256,67497,67766,2223800,67766,238,238
2532,2011-03-28,67767,68070,67193,67193,1444400,67193,-574,-574
2533,2011-03-29,67194,67862,67046,67419,1768200,67419,225,225
2534,2011-03-30,67423,68004,67423,67997,1859800,67997,574,574
2535,2011-03-31,68000,68606,68000,68587,2124400,68587,587,587
2536,2011-04-01,68588,69387,68588,69268,2397400,69268,680,680
2537,2011-04-04,69270,69787,69270,69704,1200,69704,434,434
2538,2011-04-05,69704,70047,69465,69838,0,69838,134,134
2539,2011-04-06,69841,70108,68954,69037,0,69037,-804,-804
2540,2011-04-07,69040,69334,68695,69176,0,69176,136,136
2541,2011-04-08,69180,69430,68472,68718,2111400,68718,-462,-462
2542,2011-04-11,68719,69177,68029,68164,2173800,68164,-555,-555
2543,2011-04-12,68153,68153,66721,66896,2525800,66896,-1257,-1257
2544,2011-04-13,66909,67411,66251,66486,2515200,66486,-423,-423
2545,2011-04-14,66483,67042,66090,66279,2259000,66279,-204,-204
2546,2011-04-15,66281,66765,65832,66684,2145800,66684,403,403
2547,2011-04-18,66689,66706,65158,65415,3060400,65415,-1274,-1274
2548,2011-04-19,65417,66257,65417,66158,2214400,66158,741,741
2549,2011-04-20,66165,67077,66165,67058,2397400,67058,893,893
2550,2011-04-25,67058,67124,66552,66972,1385800,66972,-86,-86
2551,2011-04-26,66972,67413,66722,67144,1726600,67144,172,172
2552,2011-04-27,67143,67228,65885,66264,2151200,66264,-879,-879
2553,2011-04-28,66249,66249,65105,65673,3090000,65673,-576,-576
2554,2011-04-29,65664,66294,65461,66133,2645000,66133,469,469
2555,2011-05-02,66119,66500,65346,65463,2306800,65463,-656,-656
2556,2011-05-03,65458,65468,64244,64318,2235400,64318,-1140,-1140
2557,2011-05-04,64320,64807,63548,63616,2490000,63616,-704,-704
2558,2011-05-05,63609,64268,62973,63407,2806000,63407,-202,-202
2559,2011-05-06,63422,64704,63422,64417,2690000,64417,995,995
2560,2011-05-09,64416,64782,64150,64622,1880800,64622,206,206
2561,2011-05-10,64622,65143,64619,64877,1982600,64877,255,255
2562,2011-05-11,64877,64877,63622,63776,2458400,63776,-1101,-1101
2563,2011-05-12,63772,64329,63125,64003,2486800,64003,231,231
2564,2011-05-13,64003,64165,63063,63235,2667400,63235,-768,-768
2565,2011-05-16,63233,63829,62676,62830,2459600,62830,-403,-403
2566,2011-05-17,62830,63680,62414,63673,2210800,63673,843,843
2567,2011-05-18,63675,64015,62830,62841,2488000,62841,-834,-834
2568,2011-05-19,62844,63607,62225,62367,2291200,62367,-477,-477
2569,2011-05-20,62370,63043,62086,62597,2087000,62597,227,227
2570,2011-05-23,62597,62597,61659,62345,1767600,62345,-252,-252
2571,2011-05-24,62350,63415,62350,63337,2006400,63337,987,987
2572,2011-05-25,63329,63857,63025,63388,1918600,63388,59,59
2573,2011-05-26,63389,64121,63232,64099,2397000,64099,710,710
2574,2011-05-27,64101,64548,64092,64295,1672000,64295,194,194
2575,2011-05-30,64295,64460,63915,63954,629000,63954,-341,-341
2576,2011-05-31,63961,64620,63932,64620,2428400,64620,659,659
2577,2011-06-01,64616,64674,63401,63411,2158200,63411,-1205,-1205
2578,2011-06-02,63411,64218,63277,64218,2135600,64218,807,807
2579,2011-06-03,64216,64979,63628,64341,2155800,64341,125,125
2580,2011-06-06,64341,64512,62960,63068,1822400,63068,-1273,-1273
2581,2011-06-07,63072,63784,63072,63218,2089600,63218,146,146
2582,2011-06-08,63204,63354,62709,63033,1805800,63033,-171,-171
2583,2011-06-09,63037,63773,62872,63469,1946800,63469,432,432
2584,2011-06-10,63470,63478,62495,62697,1688200,62697,-773,-773
2585,2011-06-13,62701,62968,62022,62023,1397200,62023,-678,-678
2586,2011-06-14,62023,62697,62023,62205,1762400,62205,182,182
2587,2011-06-15,62198,62198,61448,61604,2668000,61604,-594,-594
2588,2011-06-16,61602,62040,60489,60881,1991000,60881,-721,-721
2589,2011-06-17,60883,61268,60566,61060,1974600,61060,177,177
2590,2011-06-20,61059,61571,60784,61168,2019800,61168,109,109
2591,2011-06-21,61188,61543,61179,61424,1696600,61424,236,236
2592,2011-06-22,61420,61859,61194,61194,1863400,61194,-226,-226
2593,2011-06-24,61192,61459,60921,61017,1449000,61017,-175,-175
2594,2011-06-27,61017,61456,60772,61217,1634000,61217,200,200
2595,2011-06-28,61216,62309,61216,62303,1796400,62303,1087,1087
2596,2011-06-29,62303,62625,62033,62334,1873400,62334,31,31
2597,2011-06-30,62337,62574,61959,62404,1814000,62404,67,67
2598,2011-07-01,62404,63455,62148,63394,2376200,63394,990,990
2599,2011-07-04,63397,63891,63314,63891,1000400,63891,494,494
2600,2011-07-05,63886,63886,63030,63039,1937800,63039,-847,-847
2601,2011-07-06,63039,63039,62391,62565,1612600,62565,-474,-474
2602,2011-07-07,62573,63206,62207,62207,1865000,62207,-366,-366
2603,2011-07-08,62207,62207,61366,61513,1670600,61513,-694,-694
2604,2011-07-11,61502,61502,60098,60224,1773200,60224,-1278,-1278
2605,2011-07-12,60220,60516,59705,59705,1946200,59705,-515,-515
2606,2011-07-13,59718,60847,59718,60670,2284200,60670,952,952
2607,2011-07-14,60673,60685,59452,59679,2363400,59679,-994,-994
2608,2011-07-15,59679,60104,59180,59478,1960200,59478,-201,-201
2609,2011-07-18,59479,59479,58631,58838,1956400,58838,-641,-641
2610,2011-07-19,58838,59394,58677,59082,1888000,59082,244,244
2611,2011-07-20,59094,59552,59045,59120,1946000,59120,26,26
2612,2011-07-21,59120,60441,59120,60263,2159600,60263,1143,1143
2613,2011-07-22,60263,60696,60077,60270,1809600,60270,7,7
2614,2011-07-25,60264,60285,59640,59971,1772400,59971,-293,-293
2615,2011-07-26,59972,60204,59261,59340,2174800,59340,-632,-632
2616,2011-07-27,59336,59336,58169,58288,2619000,58288,-1048,-1048
2617,2011-07-28,58297,59167,58290,58708,2234000,58708,411,411
2618,2011-07-29,58703,58952,58009,58823,2366400,58823,120,120
2619,2011-08-01,58823,59542,58168,58536,2109400,58536,-287,-287
2620,2011-08-02,58526,58673,57259,57311,2696200,57311,-1215,-1215
2621,2011-08-03,57318,57352,55249,56017,3491800,56017,-1301,-1301
2622,2011-08-04,55999,55999,52629,52811,4455400,52811,-3188,-3188
2623,2011-08-05,52811,53866,51153,52949,4320600,52949,138,138
2624,2011-08-08,52938,52938,47793,48668,4894600,48668,-4270,-4270
2625,2011-08-09,48671,51151,48666,51151,5268200,51151,2480,2480
2626,2011-08-10,51151,52164,49947,51395,4358800,51395,244,244
2627,2011-08-11,51398,53724,51398,53343,4066000,53343,1945,1945
2628,2011-08-12,53344,53643,52650,53473,3269800,53473,129,129
2629,2011-08-15,53478,54968,53474,54652,2540600,54652,1174,1174
2630,2011-08-16,54651,54651,53539,54324,2464600,54324,-327,-327
2631,2011-08-17,54324,55073,53828,55073,3160600,55073,749,749
2632,2011-08-18,55037,55037,52246,53134,3120400,53134,-1903,-1903
2633,2011-08-19,53135,53601,52336,52448,2577200,52448,-687,-687
2634,2011-08-22,52472,53552,52397,52440,2140800,52440,-32,-32
2635,2011-08-23,52440,53787,51853,53787,2679000,53787,1347,1347
2636,2011-08-24,53787,54279,52993,53796,2492200,53796,9,9
2637,2011-08-25,53796,54155,52677,52953,2381200,52953,-843,-843
2638,2011-08-26,52955,53598,51971,53351,2223000,53351,396,396
2639,2011-08-29,53356,55027,53356,54861,2293800,54861,1505,1505
2640,2011-08-30,54861,55768,54425,55385,2343400,55385,524,524
2641,2011-08-31,55399,56495,55399,56495,2940000,56495,1096,1096
2642,2011-09-01,56498,58589,56498,58118,4013600,58118,1620,1620
2643,2011-09-02,58114,58114,56302,56532,3147400,56532,-1582,-1582
2644,2011-09-05,56521,56521,54818,54998,1609000,54998,-1523,-1523
2645,2011-09-06,54998,56676,54121,56607,2846800,56607,1609,1609
2646,2011-09-08,56609,58242,56609,57624,2757000,57624,1015,1015
2647,2011-09-09,57614,57614,55528,55778,2481800,55778,-1836,-1836
2648,2011-09-12,55773,55792,54310,55685,2376200,55685,-88,-88
2649,2011-09-13,55690,56336,55166,55544,2099400,55544,-146,-146
2650,2011-09-14,55544,56776,55090,56286,2836200,56286,742,742
2651,2011-09-15,56287,57161,56196,56381,2136800,56381,94,94
2652,2011-09-16,56381,57210,56257,57210,1970000,57210,829,829
2653,2011-09-19,57208,57208,56060,57103,2328200,57103,-105,-105
2654,2011-09-20,57105,57620,56379,56379,2677000,56379,-726,-726
2655,2011-09-21,56381,57600,55915,55982,2777000,55982,-399,-399
2656,2011-09-22,55981,55981,52706,53280,3603600,53280,-2701,-2701
2657,2011-09-23,53273,53855,52754,53230,2689200,53230,-43,-43
2658,2011-09-26,53243,53873,52399,53748,2143200,53748,505,505
2659,2011-09-27,53751,54992,53751,53920,2454200,53920,169,169
2660,2011-09-28,53921,54796,53258,53270,2340800,53270,-651,-651
2661,2011-09-29,53276,54207,52849,53385,2304800,53385,109,109
2662,2011-09-30,53385,53385,51897,52324,3072600,52324,-1061,-1061
2663,2011-10-03,52319,52319,50792,50792,3112400,50792,-1527,-1527
2664,2011-10-04,50790,50790,49433,50686,4038800,50686,-104,-104
2665,2011-10-05,50683,51199,50209,51014,2830400,51014,331,331
2666,2011-10-06,51016,52729,51016,52290,3145600,52290,1274,1274
2667,2011-10-07,52290,52891,50902,51244,2627200,51244,-1046,-1046
2668,2011-10-10,51244,53294,51244,53273,2180600,53273,2029,2029
2669,2011-10-11,53271,54113,52820,53838,2845400,53838,567,567
2670,2011-10-13,53836,54751,53308,54601,3574200,54601,765,765
2671,2011-10-14,54603,55179,54447,55030,2323200,55030,427,427
2672,2011-10-17,55021,55021,53536,53911,2366200,53911,-1110,-1110
2673,2011-10-18,53915,55225,53188,55032,2540000,55032,1117,1117
2674,2011-10-19,55037,55244,54483,54966,2430800,54966,-71,-71
2675,2011-10-20,54953,54953,53610,54010,2282800,54010,-943,-943
2676,2011-10-21,54014,55504,54014,55255,2151200,55255,1241,1241
2677,2011-10-24,55259,57226,55259,56892,2656000,56892,1633,1633
2678,2011-10-25,56885,56885,55770,56286,2262800,56286,-599,-599
2679,2011-10-26,56306,57334,56249,57144,2172400,57144,838,838
2680,2011-10-27,57146,59901,57146,59270,3665800,59270,2124,2124
2681,2011-10-28,59270,59668,58760,59513,2388000,59513,243,243
2682,2011-10-31,59513,59513,58094,58338,2258000,58338,-1175,-1175
2683,2011-11-01,58300,58300,56099,57323,2827600,57323,-977,-977
2684,2011-11-03,57327,58481,57327,58196,2445800,58196,869,869
2685,2011-11-04,58186,58804,57547,58670,1946600,58670,484,484
2686,2011-11-07,58670,59440,58645,59199,1869400,59199,529,529
2687,2011-11-08,59205,59616,58505,59026,1934000,59026,-179,-179
2688,2011-11-09,59011,59011,57201,57550,2623000,57550,-1461,-1461
2689,2011-11-10,57561,58314,57294,57322,1959000,57322,-239,-239
2690,2011-11-11,57325,58747,57325,58547,2136400,58547,1222,1222
2691,2011-11-14,58539,58717,58013,58258,1791000,58258,-281,-281
2692,2011-11-16,58256,58877,57784,58560,2703800,58560,304,304
2693,2011-11-17,58550,58555,56663,56989,3054600,56989,-1561,-1561
2694,2011-11-18,56989,57477,56418,56731,2297200,56731,-258,-258
2695,2011-11-21,56722,56722,55505,56285,2894800,56285,-437,-437
2696,2011-11-22,56290,56570,55609,55878,2681600,55878,-412,-412
2697,2011-11-23,55879,55879,54813,54972,2429400,54972,-907,-907
2698,2011-11-24,54978,55519,54537,55280,1410200,55280,302,302
2699,2011-11-25,55271,55610,54742,54894,1815000,54894,-377,-377
2700,2011-11-28,54899,56444,54899,56017,2271000,56017,1118,1118
2701,2011-11-29,56028,56364,55300,55300,2822000,55300,-728,-728
2702,2011-11-30,55307,57592,55307,56875,4893000,56875,1568,1568
2703,2011-12-01,56876,58302,56876,58143,3297000,58143,1267,1267
2704,2011-12-02,58147,58980,57618,57886,2985600,57886,-261,-261
2705,2011-12-05,57894,59245,57894,58910,2535200,58910,1016,1016
2706,2011-12-06,58910,59576,58497,59536,2178000,59536,626,626
2707,2011-12-07,59534,59535,58581,58663,2171800,58663,-871,-871
2708,2011-12-08,58664,59217,57260,57455,2720800,57455,-1209,-1209
2709,2011-12-09,57455,58540,57455,58236,1946400,58236,781,781
2710,2011-12-12,58235,58235,56839,57347,2502200,57347,-888,-888
2711,2011-12-13,57355,58153,57333,57495,2901200,57495,140,140
2712,2011-12-14,57495,57495,56647,56647,4140400,56647,-848,-848
2713,2011-12-15,56647,57332,56232,56331,2605800,56331,-316,-316
2714,2011-12-16,56334,56823,56087,56097,2440000,56097,-237,-237
2715,2011-12-19,56100,56376,55298,55298,2833400,55298,-802,-802
2716,2011-12-20,55301,56865,55301,56865,3233000,56865,1564,1564
2717,2011-12-21,56865,56865,56046,56653,2264400,56653,-212,-212
2718,2011-12-22,56656,57459,56557,57348,2289000,57348,692,692
2719,2011-12-23,57348,57792,57348,57701,1767200,57701,353,353
2720,2011-12-26,57702,57856,57669,57669,0,57669,-33,-33
2721,2011-12-27,57666,58111,57611,58005,1616600,58005,339,339
2722,2011-12-28,58006,58010,56447,56534,1612000,56534,-1472,-1472
2723,2011-12-29,56534,56945,56313,56754,2779200,56754,220,220
2724,2012-01-02,56755,57993,56649,57829,2614600,57829,1074,1074
2725,2012-01-03,57836,59288,57836,59265,3083000,59265,1429,1429
2726,2012-01-04,59263,59519,58558,59365,2252000,59365,102,102
2727,2012-01-05,59354,59354,57963,58546,2351200,58546,-808,-808
2728,2012-01-06,58565,59261,58355,58600,1659200,58600,35,35
2729,2012-01-09,58601,59220,58599,59083,2244600,59083,482,482
2730,2012-01-10,59090,60112,59090,59806,2689200,59806,716,716
2731,2012-01-11,59799,60094,59423,59962,2245200,59962,163,163
2732,2012-01-12,59966,60504,59586,59921,2145600,59921,-45,-45
2733,2012-01-13,59918,59918,58874,59147,5624200,59147,-771,-771
2734,2012-01-16,59146,59982,59146,59956,1705000,59956,810,810
2735,2012-01-17,59961,60891,59961,60646,2524200,60646,685,685
2736,2012-01-18,60643,61723,60610,61723,2757800,61723,1080,1080
2737,2012-01-19,61726,62181,61566,61927,2843400,61927,201,201
2738,2012-01-20,61932,62312,61593,62312,2246400,62312,380,380
2739,2012-01-23,62312,62693,61908,62386,2376000,62386,74,74
2740,2012-01-24,62386,62536,61667,62486,2731000,62486,100,100
2741,2012-01-26,62486,63805,62485,62953,3174000,62953,467,467
2742,2012-01-27,62955,63263,62769,62904,2218200,62904,-51,-51
2743,2012-01-30,62902,62902,61989,62770,2197600,62770,-132,-132
2744,2012-01-31,62772,63394,62664,63072,3437800,63072,300,300
2745,2012-02-01,63085,64567,63085,64567,3904000,64567,1482,1482
2746,2012-02-02,64569,64855,64224,64593,3107600,64593,24,24
2747,2012-02-03,64589,65619,64137,65217,3059800,65217,628,628
2748,2012-02-06,65217,65229,64743,65224,1919600,65224,7,7
2749,2012-02-07,65213,65944,64801,65917,2722000,65917,704,704
2750,2012-02-08,65918,66383,65647,65831,2887000,65831,-87,-87
2751,2012-02-09,65831,66324,65189,65530,2688400,65530,-301,-301
2752,2012-02-10,65525,65525,63880,63998,3501400,63998,-1527,-1527
2753,2012-02-13,63999,65713,63999,65692,2619200,65692,1693,1693
2754,2012-02-14,65699,65855,64826,65039,2738200,65039,-660,-660
2755,2012-02-15,65041,66004,65041,65368,3825400,65368,327,327
2756,2012-02-16,65364,66161,64798,66142,3068400,66142,778,778
2757,2012-02-17,66158,66562,65823,66204,2352600,66204,46,46
2758,2012-02-23,66084,66329,65590,65820,2322800,65820,-264,-264
2759,2012-02-24,65820,66335,65820,65943,2119800,65943,123,123
2760,2012-02-27,65938,65954,65068,65241,2226000,65241,-697,-697
2761,2012-02-28,65245,66152,65240,65959,2717000,65959,714,714
2762,2012-02-29,65970,66662,65533,65812,3345400,65812,-158,-158
2763,2012-03-01,65812,66931,65812,66810,2328800,66810,998,998
2764,2012-03-02,66810,67791,66810,67782,2557000,67782,972,972
2765,2012-03-05,67782,67782,66756,66964,2315800,66964,-818,-818
2766,2012-03-06,66962,66962,64892,65114,2742600,65114,-1848,-1848
2767,2012-03-07,65123,66053,65123,66017,2683400,66017,894,894
2768,2012-03-08,66032,67272,66032,66908,2890800,66908,876,876
2769,2012-03-09,66908,67419,66679,66704,2253600,66704,-204,-204
2770,2012-03-12,66687,66687,65965,66385,2149800,66385,-302,-302
2771,2012-03-13,66386,68420,66386,68394,3165200,68394,2008,2008
2772,2012-03-14,68386,68970,67797,68257,2732800,68257,-129,-129
2773,2012-03-15,68259,68259,67458,67749,2295200,67749,-510,-510
2774,2012-03-16,67749,68153,67505,67684,2408600,67684,-65,-65
2775,2012-03-19,67685,68159,67547,67730,2143600,67730,45,45
2776,2012-03-20,67725,67725,66704,67296,2071400,67296,-429,-429
2777,2012-03-21,67297,67436,66762,66860,1981000,66860,-437,-437
2778,2012-03-22,66860,66860,65534,65828,2676200,65828,-1032,-1032
2779,2012-03-23,65831,66253,65576,65813,2524800,65813,-18,-18
2780,2012-03-26,65818,66776,65818,66685,2010800,66685,867,867
2781,2012-03-27,66683,66968,65925,66037,2723000,66037,-646,-646
2782,2012-03-28,66032,66032,64819,65079,2883000,65079,-953,-953
2783,2012-03-29,65074,65074,64096,64872,2895600,64872,-202,-202
2784,2012-03-30,64875,65363,64245,64511,3155800,64511,-364,-364
2785,2012-04-02,64515,65593,64199,65216,2966600,65216,701,701
2786,2012-04-03,65218,65530,64015,64284,2773600,64284,-934,-934
2787,2012-04-04,64301,64301,63450,63529,2739600,63529,-772,-772
2788,2012-04-05,63518,64299,63384,63691,2294800,63691,173,173
2789,2012-04-09,63690,63690,62462,62923,1788200,62923,-767,-767
2790,2012-04-10,62922,62922,61344,61738,3094000,61738,-1184,-1184
2791,2012-04-11,61741,62356,61291,61293,2952600,61293,-448,-448
2792,2012-04-12,61300,63061,61300,63058,3115800,63058,1758,1758
2793,2012-04-13,63039,63039,61778,62106,2959600,62106,-933,-933
2794,2012-04-16,62120,62688,61465,61955,2316600,61955,-165,-165
2795,2012-04-17,61959,62961,61959,62699,2704600,62699,740,740
2796,2012-04-18,62696,63243,62429,63010,4053800,63010,314,314
2797,2012-04-19,63007,63274,62478,62618,2358200,62618,-389,-389
2798,2012-04-20,62620,63369,62431,62494,2285200,62494,-126,-126
2799,2012-04-23,62494,62494,60897,61539,2533400,61539,-955,-955
2800,2012-04-24,61537,62001,61380,61971,2377000,61971,434,434
2801,2012-04-25,61989,62441,61328,61750,3307200,61750,-239,-239
2802,2012-04-26,61750,62282,61033,62198,3130000,62198,448,448
2803,2012-04-27,62203,62486,61667,61691,2547600,61691,-512,-512
2804,2012-04-30,61691,61900,61231,61820,1963200,61820,129,129
2805,2012-05-02,61820,62502,61594,62424,2955600,62424,604,604
2806,2012-05-03,62427,62783,61731,62104,3036000,62104,-323,-323
2807,2012-05-04,62104,62167,60438,60821,4961600,60821,-1283,-1283
2808,2012-05-07,60802,61299,60391,61220,3370400,61220,418,418
2809,2012-05-08,61218,61218,59871,60365,3091200,60365,-853,-853
2810,2012-05-09,60346,60346,59199,59786,3261600,59786,-560,-560
2811,2012-05-10,59796,60752,59637,59702,2701400,59702,-94,-94
2812,2012-05-11,59703,60340,59138,59445,2532400,59445,-258,-258
2813,2012-05-14,59443,59443,57539,57540,3047400,57540,-1903,-1903
2814,2012-05-15,57540,58024,56145,56238,4189200,56238,-1302,-1302
2815,2012-05-16,56245,57693,55415,55888,4327600,55888,-357,-357
2816,2012-05-17,55886,56296,54038,54038,3709800,54038,-1848,-1848
2817,2012-05-18,54032,54914,53856,54513,4306200,54513,481,481
2818,2012-05-21,54516,56678,54516,56590,3569000,56590,2074,2074
2819,2012-05-22,56586,56586,54886,55039,3667400,55039,-1547,-1547
2820,2012-05-23,55039,55052,53028,54619,4334000,54619,-420,-420
2821,2012-05-24,54620,54820,53176,54063,4013800,54063,-557,-557
2822,2012-05-25,54062,54970,53847,54463,2988400,54463,401,401
2823,2012-05-28,54467,55609,54467,55213,1857200,55213,746,746
2824,2012-05-29,55214,55763,54554,54633,3048000,54633,-581,-581
2825,2012-05-30,54632,54632,53382,53798,3298400,53798,-834,-834
2826,2012-05-31,53805,54509,53090,54490,4826000,54490,685,685
2827,2012-06-01,54488,54488,53087,53403,2986400,53403,-1085,-1085
2828,2012-06-04,53408,53960,53367,53417,2360000,53417,9,9
2829,2012-06-05,53413,53917,52481,52481,2530000,52481,-932,-932
2830,2012-06-06,52486,54195,52486,54156,3542000,54156,1670,1670
2831,2012-06-08,54150,54432,53685,54430,2627600,54430,280,280
2832,2012-06-11,54434,55401,53905,54001,2736600,54001,-433,-433
2833,2012-06-12,54001,55049,53906,55049,3894600,55049,1048,1048
2834,2012-06-13,55041,55989,54523,55651,4187800,55651,610,610
2835,2012-06-14,55641,55769,54952,55352,3299200,55352,-289,-289
2836,2012-06-15,55349,56105,55203,56105,3900800,56105,756,756
2837,2012-06-18,56066,56579,55486,56195,2960600,56195,129,129
2838,2012-06-19,56210,57567,56210,57195,3658800,57195,985,985
2839,2012-06-20,57196,57611,56529,57167,3202000,57167,-29,-29
2840,2012-06-21,57162,57218,55505,55505,2601800,55505,-1657,-1657
2841,2012-06-22,55518,56019,55083,55440,2476800,55440,-78,-78
2842,2012-06-25,55406,55406,53694,53805,2160000,53805,-1601,-1601
2843,2012-06-26,53806,54193,53398,53837,2707000,53837,31,31
2844,2012-06-27,53837,54006,53084,53109,3825800,53109,-728,-728
2845,2012-06-28,53107,53306,52271,52652,3531600,52652,-455,-455
2846,2012-06-29,52656,54355,52656,54355,3744800,54355,1699,1699
2847,2012-07-02,54355,54754,53961,54693,2874200,54693,338,338
2848,2012-07-03,54704,56228,54704,55780,4064400,55780,1076,1076
2849,2012-07-04,55780,56322,55485,56077,1718400,56077,297,297
2850,2012-07-05,56083,56943,55828,56379,3128600,56379,296,296
2851,2012-07-06,56376,56376,54967,55394,2701800,55394,-982,-982
2852,2012-07-10,55392,55588,53668,53706,3467800,53706,-1686,-1686
2853,2012-07-11,53708,54135,53233,53569,2970600,53569,-139,-139
2854,2012-07-12,53564,53616,52489,53421,3047600,53421,-143,-143
2855,2012-07-13,53422,54428,53420,54331,2784600,54331,909,909
2856,2012-07-16,54316,54418,53216,53402,2821800,53402,-914,-914
2857,2012-07-17,53403,54037,53119,53909,2519400,53909,506,506
2858,2012-07-18,53909,54588,53551,54583,2296200,54583,674,674
2859,2012-07-19,54588,55491,54588,55347,2879200,55347,759,759
2860,2012-07-20,55337,55337,54138,54195,2865000,54195,-1142,-1142
2861,2012-07-23,54183,54183,52213,53034,2807800,53034,-1149,-1149
2862,2012-07-24,53038,53416,52399,52639,2762600,52639,-399,-399
2863,2012-07-25,52658,53233,52346,52608,2216000,52608,-50,-50
2864,2012-07-26,52638,54126,52638,54003,3017600,54003,1365,1365
2865,2012-07-27,54024,57046,54024,56553,4674400,56553,2529,2529
2866,2012-07-30,56551,57241,56090,57241,2965600,57241,690,690
2867,2012-07-31,57243,57466,56097,56097,692000,56097,-1146,-1146
2868,2012-08-01,56091,56385,55425,55623,598200,55623,-468,-468
2869,2012-08-02,56289,56289,55239,55520,2838000,55520,-769,-769
2870,2012-08-03,55524,57399,55524,57255,3577400,57255,1731,1731
2871,2012-08-06,57255,58996,56893,58345,3613400,58345,1090,1090
2872,2012-08-07,58343,59316,57679,57726,3447200,57726,-617,-617
2873,2012-08-08,57723,58964,57603,58951,3233200,58951,1228,1228
2874,2012-08-09,58950,59202,58115,58797,2863000,58797,-153,-153
2875,2012-08-10,58774,59365,58128,59281,3080000,59281,507,507
2876,2012-08-13,59281,59543,58601,59123,2539200,59123,-158,-158
2877,2012-08-14,59123,59605,57904,58083,3533800,58083,-1040,-1040
2878,2012-08-15,58083,58375,57630,58189,4578200,58189,106,106
2879,2012-08-16,58190,59544,58190,59446,3477000,59446,1256,1256
2880,2012-08-17,59443,59822,58944,59082,2954200,59082,-361,-361
2881,2012-08-20,59083,59462,58629,59283,3001200,59283,200,200
2882,2012-08-21,59298,60209,58684,58918,3926400,58918,-380,-380
2883,2012-08-22,58918,59585,58443,59381,3708800,59381,463,463
2884,2012-08-23,59382,59382,58145,58512,3342000,58512,-870,-870
2885,2012-08-24,58511,58750,57833,58426,3212600,58426,-85,-85
2886,2012-08-27,58424,58462,57853,58111,2344200,58111,-313,-313
2887,2012-08-28,58109,58745,57976,58406,2728200,58406,297,297
2888,2012-08-29,58414,58553,57061,57369,4106200,57369,-1045,-1045
2889,2012-08-30,57366,57508,56901,57256,3132600,57256,-110,-110
2890,2012-08-31,57257,57835,56719,57061,5747200,57061,-196,-196
2891,2012-09-03,57065,57457,56954,57281,2317000,57281,216,216
2892,2012-09-04,57272,57272,56203,56234,3236000,56234,-1038,-1038
2893,2012-09-05,56236,56904,56236,56864,3313000,56864,628,628
2894,2012-09-06,56868,58328,56868,58321,3620600,58321,1453,1453
2895,2012-09-10,58325,59421,58325,58404,3513600,58404,79,79
2896,2012-09-11,58405,59515,58404,59423,3854800,59423,1018,1018
2897,2012-09-12,59429,60136,59205,59922,4849800,59922,493,493
2898,2012-09-13,59921,62117,59629,61958,5974600,61958,2037,2037
2899,2012-09-14,61955,63428,61823,62105,5816200,62105,150,150
2900,2012-09-17,62106,62692,61552,61806,3903000,61806,-300,-300
2901,2012-09-18,61806,62132,61447,61804,3202000,61804,-2,-2
2902,2012-09-19,61806,62514,61519,61652,3391000,61652,-154,-154
2903,2012-09-20,61652,61908,60961,61688,2923200,61688,36,36
2904,2012-09-21,61695,62223,61300,61320,2985400,61320,-375,-375
2905,2012-09-24,61319,61932,61075,61910,3329800,61910,591,591
2906,2012-09-25,61913,61947,60357,60501,3873600,60501,-1412,-1412
2907,2012-09-26,60506,60506,59725,60478,3139400,60478,-28,-28
2908,2012-09-27,60483,60889,59876,60240,3811000,60240,-243,-243
2909,2012-09-28,60240,60240,58864,59176,3690000,59176,-1064,-1064
2910,2012-10-01,59171,60216,59171,59571,2759600,59571,400,400
2911,2012-10-02,59575,60091,59028,59222,3198400,59222,-353,-353
2912,2012-10-03,59222,59483,58542,58627,3195600,58627,-595,-595
2913,2012-10-04,58627,59002,58105,58458,3365200,58458,-169,-169
2914,2012-10-05,58460,59441,58414,58572,3244200,58572,112,112
2915,2012-10-08,58572,59318,58170,59317,2596200,59317,745,745
2916,2012-10-09,59319,59697,58616,58939,3146400,58939,-380,-380
2917,2012-10-10,58944,59320,58341,58456,2781600,58456,-488,-488
2918,2012-10-11,58460,59360,58460,59162,2817800,59162,702,702
2919,2012-10-15,59164,59758,58790,59602,3119200,59602,438,438
2920,2012-10-16,59602,60412,59484,59744,3251000,59744,142,142
2921,2012-10-17,59742,60398,59683,60087,4209400,60087,345,345
2922,2012-10-18,60087,60087,59322,59734,3321200,59734,-353,-353
2923,2012-10-19,59701,59846,58782,58922,3000200,58922,-779,-779
2924,2012-10-22,58925,59205,58541,58700,2803400,58700,-225,-225
2925,2012-10-23,58679,58679,57388,57690,3395600,57690,-989,-989
2926,2012-10-24,57686,57986,57159,57161,2934800,57161,-525,-525
2927,2012-10-25,57161,58274,57161,57837,0,57837,676,676
2928,2012-10-26,57833,57833,57061,57277,2999400,57277,-556,-556
2929,2012-10-29,57267,57267,56581,57177,1709800,57177,-90,-90
2930,2012-10-30,57178,57764,57178,57684,1606000,57684,506,506
2931,2012-10-31,57682,57935,56929,57068,2794200,57068,-614,-614
2932,2012-11-01,57065,58383,56960,58383,2980200,58383,1318,1318
2933,2012-11-05,58374,58374,57551,58210,2617200,58210,-164,-164
2934,2012-11-06,58220,59561,58174,59459,3470000,59459,1239,1239
2935,2012-11-07,59460,59460,58274,58517,3084000,58517,-943,-943
2936,2012-11-08,58523,59008,57420,57524,3201000,57524,-999,-999
2937,2012-11-09,57517,58109,56862,57358,4250400,57358,-159,-159
2938,2012-11-12,57358,57712,56988,57064,2071200,57064,-294,-294
2939,2012-11-13,57049,57529,56593,57486,3363400,57486,437,437
2940,2012-11-14,57472,57472,56038,56279,3606400,56279,-1193,-1193
2941,2012-11-16,56277,56277,55126,55402,3471800,55402,-875,-875
2942,2012-11-19,55387,56666,55387,56451,2782800,56451,1064,1064
2943,2012-11-21,56453,56789,55946,56242,3592200,56242,-211,-211
2944,2012-11-22,56245,56643,56242,56437,2146200,56437,192,192
2945,2012-11-23,56439,57574,56248,57574,3182000,57574,1135,1135
2946,2012-11-26,57571,57572,56502,56737,2752800,56737,-834,-834
2947,2012-11-27,56737,57420,56248,56248,3554200,56248,-489,-489
2948,2012-11-28,56206,56591,55686,56539,3465400,56539,333,333
2949,2012-11-29,56562,57853,56562,57853,3401400,57853,1291,1291
2950,2012-11-30,57845,58031,56704,57475,5047000,57475,-370,-370
2951,2012-12-03,57479,58332,57479,58202,3485800,58202,723,723
2952,2012-12-04,58212,58520,57547,57563,3937200,57563,-649,-649
2953,2012-12-05,57597,58127,57231,57679,3582400,57679,82,82
2954,2012-12-06,57685,57860,57129,57656,3203200,57656,-29,-29
2955,2012-12-07,57656,58594,57636,58487,3042400,58487,831,831
2956,2012-12-10,58468,59248,58091,59248,3061800,59248,780,780
2957,2012-12-11,59257,59747,58951,59623,3988600,59623,366,366
2958,2012-12-12,59626,59859,59291,59474,4749600,59474,-152,-152
2959,2012-12-13,59459,59969,59154,59317,3569400,59317,-142,-142
2960,2012-12-14,59320,59824,59273,59605,3405800,59605,285,285
2961,2012-12-17,59604,59914,59323,59567,3114400,59567,-37,-37
2962,2012-12-18,59568,60539,59565,60461,4364800,60461,893,893
2963,2012-12-19,60461,61212,60396,60998,4427600,60998,537,537
2964,2012-12-20,60992,61276,60622,61276,3083400,61276,284,284
2965,2012-12-21,61271,61271,60221,61007,3157400,61007,-264,-264
2966,2012-12-26,61003,61322,60861,60960,2598000,60960,-43,-43
2967,2012-12-27,60964,61191,60233,60416,2852600,60416,-548,-548
2968,2012-12-28,60416,61066,60416,60952,2626000,60952,536,536
2969,2013-01-02,60990,62887,60990,62550,3739800,62550,1560,1560
2970,2013-01-03,62555,63473,62341,63312,3355800,63312,757,757
2971,2013-01-04,63314,63314,62415,62523,6233800,62523,-791,-791
2972,2013-01-07,62523,62699,61639,61933,3985800,61933,-590,-590
2973,2013-01-08,61933,62265,61081,61128,3840600,61128,-805,-805
2974,2013-01-09,61129,61812,61103,61579,3236400,61579,450,450
2975,2013-01-10,61578,61947,61156,61678,4100600,61678,100,100
2976,2013-01-11,61662,61683,61198,61497,3161000,61497,-165,-165
2977,2013-01-14,61511,62285,61511,62081,3481400,62081,570,570
2978,2013-01-15,62079,62151,61695,61728,3819200,61728,-351,-351
2979,2013-01-16,61726,61787,61241,61787,2789200,61787,61,61
2980,2013-01-17,61806,62309,61683,62194,3382000,62194,388,388
2981,2013-01-18,62197,62395,61822,61956,3495200,61956,-241,-241
2982,2013-01-21,61962,62052,61804,61900,2143400,61900,-62,-62
2983,2013-01-22,61904,61995,61534,61692,3475000,61692,-212,-212
2984,2013-01-23,61692,61969,61543,61966,3209000,61966,274,274
2985,2013-01-24,61966,62249,60838,61170,3605200,61170,-796,-796
2986,2013-01-28,61178,61313,59921,60027,3426800,60027,-1151,-1151
2987,2013-01-29,60027,60428,59758,60406,3192600,60406,379,379
2988,2013-01-30,60405,60405,59305,59337,4661200,59337,-1068,-1068
2989,2013-01-31,59344,59771,59114,59761,4749400,59761,417,417
2990,2013-02-01,59764,60496,59742,60351,3412400,60351,587,587
2991,2013-02-04,60350,60350,59256,59576,3347800,59576,-774,-774
2992,2013-02-05,59576,59974,59132,59445,4429600,59445,-131,-131
2993,2013-02-06,59442,59582,58588,58951,4410400,58951,-491,-491
2994,2013-02-07,58936,59435,58116,58372,4071600,58372,-564,-564
2995,2013-02-08,58374,58638,58025,58498,3152400,58498,124,124
2996,2013-02-13,58495,58754,58252,58406,2803800,58406,-89,-89
2997,2013-02-14,58406,58406,57751,58077,2385200,58077,-329,-329
2998,2013-02-15,58076,58352,57802,57903,3519200,57903,-173,-173
2999,2013-02-18,57906,57929,57420,57614,2697200,57614,-292,-292
3000,2013-02-19,57619,58061,57234,57314,3921000,57314,-305,-305
3001,2013-02-20,57312,57569,56034,56178,4950200,56178,-1134,-1134
3002,2013-02-21,56153,56227,55430,56155,4915800,56155,2,2
3003,2013-02-22,56159,56742,56107,56697,5113800,56697,538,538
3004,2013-02-25,56698,57157,56419,56618,3965400,56618,-80,-80
3005,2013-02-26,56616,57007,56047,56949,4510600,56949,333,333
3006,2013-02-27,56948,57402,56685,57274,5034000,57274,326,326
3007,2013-02-28,57273,57798,56925,57424,4441800,57424,151,151
3008,2013-03-01,57422,57422,56526,56884,3889600,56884,-538,-538
3009,2013-03-04,56878,56878,56067,56499,4033800,56499,-379,-379
3010,2013-03-05,56508,57227,55951,55951,4261000,55951,-557,-557
3011,2013-03-06,55953,58150,55953,57940,5806000,57940,1987,1987
3012,2013-03-07,57940,59472,57940,58847,6338200,58847,907,907
3013,2013-03-08,58842,59031,58129,58433,4129200,58433,-409,-409
3014,2013-03-11,58440,58547,57800,58545,4129000,58545,105,105
3015,2013-03-12,58542,58709,58113,58209,3805000,58209,-333,-333
3016,2013-03-13,58204,58411,57286,57386,4536800,57386,-818,-818
3017,2013-03-14,57386,57850,56722,57281,4581200,57281,-105,-105
3018,2013-03-15,57275,57532,56805,56869,5182400,56869,-406,-406
3019,2013-03-18,56869,57152,56139,56973,3741000,56973,104,104
3020,2013-03-19,56973,57038,56100,56361,3828800,56361,-612,-612
3021,2013-03-20,56361,56396,55831,56030,4179200,56030,-331,-331
3022,2013-03-21,56025,56044,55382,55577,4368400,55577,-448,-448
3023,2013-03-22,55577,55893,55098,55243,3744400,55243,-334,-334
3024,2013-03-25,55250,55450,54648,54873,3849400,54873,-377,-377
3025,2013-03-26,54879,55763,54879,55671,3755400,55671,792,792
3026,2013-03-27,55677,56178,55130,56034,4052600,56034,357,357
3027,2013-03-28,56035,56374,55874,56352,4373800,56352,317,317
3028,2013-04-01,56348,56348,55897,55902,2755200,55902,-446,-446
3029,2013-04-02,55901,56257,54809,54889,3588600,54889,-1012,-1012
3030,2013-04-03,54888,55574,54740,55563,4480400,55563,675,675
3031,2013-04-04,55563,55579,54432,54648,4574000,54648,-915,-915
3032,2013-04-05,54646,55227,53794,55051,5975800,55051,405,405
3033,2013-04-08,55049,55136,54333,55092,5504200,55092,43,43
3034,2013-04-09,55101,56305,55101,55912,5186200,55912,811,811
3035,2013-04-10,55913,56976,55913,56187,5388600,56187,274,274
3036,2013-04-11,56190,56284,55174,55401,3836800,55401,-789,-789
3037,2013-04-12,55398,55531,54458,54963,4805800,54963,-435,-435
3038,2013-04-15,54952,54952,52950,52950,4709400,52950,-2002,-2002
3039,2013-04-16,52953,54095,52953,53991,4353800,53991,1038,1038
3040,2013-04-17,53984,53984,52540,52882,7413000,52882,-1102,-1102
3041,2013-04-18,52887,53474,52392,53166,4554200,53166,279,279
3042,2013-04-19,53169,54018,53169,53929,3733000,53929,760,760
3043,2013-04-22,53927,54298,53420,54298,4174800,54298,371,371
3044,2013-04-23,54301,55282,54165,54885,5365600,54885,584,584
3045,2013-04-24,54875,55546,54723,54984,3949800,54984,109,109
3046,2013-04-25,54989,55544,54792,54963,4347800,54963,-26,-26
3047,2013-04-26,54963,55034,54147,54252,4660200,54252,-711,-711
3048,2013-04-29,54254,55336,54254,54887,5931200,54887,633,633
3049,2013-04-30,54888,55910,54585,55910,7138200,55910,1022,1022
3050,2013-05-02,55919,55919,55104,55322,5436000,55322,-597,-597
3051,2013-05-03,55330,56366,55330,55488,8860800,55488,158,158
3052,2013-05-06,55488,55542,54652,55430,6452600,55430,-58,-58
3053,2013-05-07,55429,56450,55207,56275,6235400,56275,846,846
3054,2013-05-08,56281,56814,55805,55805,6519800,55805,-476,-476
3055,2013-05-09,55805,56072,54905,55448,4799400,55448,-357,-357
3056,2013-05-10,55446,55446,54832,55108,5315200,55108,-338,-338
3057,2013-05-13,55106,55106,54389,54448,3956400,54448,-658,-658
3058,2013-05-14,54442,55030,54327,54667,5094800,54667,225,225
3059,2013-05-15,54668,55216,54488,54936,4899800,54936,268,268
3060,2013-05-16,54943,55539,54592,54773,5080200,54773,-170,-170
3061,2013-05-17,54780,55489,54780,55164,4067400,55164,384,384
3062,2013-05-20,55162,55705,54630,55701,4164800,55701,539,539
3063,2013-05-21,55699,56265,55379,56265,3898600,56265,566,566
3064,2013-05-22,56269,57099,56037,56429,4872400,56429,160,160
3065,2013-05-23,56423,56423,55379,56350,4072000,56350,-73,-73
3066,2013-05-24,56350,56506,55901,56406,4852600,56406,56,56
3067,2013-05-27,56415,56562,56353,56396,2051200,56396,-19,-19
3068,2013-05-28,56399,56979,56009,56036,4175200,56036,-363,-363
3069,2013-05-29,56032,56032,54635,54635,5004200,54635,-1397,-1397
3070,2013-05-31,54633,54776,52942,53506,8790400,53506,-1127,-1127
3071,2013-06-03,53512,53993,53143,53944,4336200,53944,432,432
3072,2013-06-04,53944,54289,53498,54018,4314600,54018,74,74
3073,2013-06-05,54019,54207,52774,52799,4630200,52799,-1220,-1220
3074,2013-06-06,52813,52937,52244,52885,4088800,52885,72,72
3075,2013-06-07,52877,52877,51428,51619,5635400,51619,-1258,-1258
3076,2013-06-10,51619,51836,51160,51317,4689400,51317,-302,-302
3077,2013-06-11,51314,51314,49709,49770,5560600,49770,-1544,-1544
3078,2013-06-12,49777,50380,48746,49181,7780000,49181,-596,-596
3079,2013-06-13,49758,50444,48968,50415,6228400,50415,657,657
3080,2013-06-14,50415,50656,49330,49332,5826000,49332,-1083,-1083
3081,2013-06-17,49337,50123,49074,49089,5324600,49089,-248,-248
3082,2013-06-18,49089,49550,48414,49465,5977200,49465,376,376
3083,2013-06-19,49457,49698,47838,47893,6582600,47893,-1564,-1564
3084,2013-06-20,47884,48214,45930,48214,8789400,48214,330,330
3085,2013-06-21,48209,48209,46918,47056,6416400,47056,-1153,-1153
3086,2013-06-24,47039,47039,45406,45965,6301400,45965,-1074,-1074
3087,2013-06-25,45967,47119,45967,46893,4773600,46893,926,926
3088,2013-06-26,46903,47725,46903,47172,5636200,47172,269,269
3089,2013-06-27,47135,48053,47135,47609,5567200,47609,474,474
3090,2013-06-28,47609,47639,47059,47457,5752800,47457,-152,-152
3091,2013-07-01,47458,47674,46676,47230,6658400,47230,-228,-228
3092,2013-07-02,47222,47222,44819,45229,8123400,45229,-1993,-1993
3093,2013-07-03,45227,45827,44552,45044,6998800,45044,-183,-183
3094,2013-07-04,45046,46097,45046,45763,5100400,45763,717,717
3095,2013-07-05,45757,45757,44107,45210,6988200,45210,-547,-547
3096,2013-07-08,45211,45740,44839,45076,4664000,45076,-135,-135
3097,2013-07-10,45211,45955,45082,45483,4867600,45483,272,272
3098,2013-07-11,45494,46719,45494,46626,5587800,46626,1132,1132
3099,2013-07-12,46624,46624,45529,45533,5357200,45533,-1091,-1091
3100,2013-07-15,45533,46840,45533,46739,4842800,46739,1206,1206
3101,2013-07-16,46749,47330,46417,46869,4775800,46869,120,120
3102,2013-07-17,46869,47710,46869,47407,5185000,47407,538,538
3103,2013-07-18,47404,48057,47093,47657,4285200,47657,253,253
3104,2013-07-19,47650,47650,47163,47400,3474000,47400,-250,-250
3105,2013-07-22,47407,48879,47407,48574,4132000,48574,1167,1167
3106,2013-07-23,48579,49379,48579,48820,4579400,48820,241,241
3107,2013-07-24,48816,48888,47999,48374,5006400,48374,-442,-442
3108,2013-07-25,48372,49123,48007,49067,4935600,49067,695,695
3109,2013-07-26,49068,49422,48633,49422,3997400,49422,354,354
3110,2013-07-29,49414,49461,48975,49212,3285200,49212,-202,-202
3111,2013-07-30,49220,49669,48560,48562,5507600,48562,-658,-658
3112,2013-07-31,48558,48824,48140,48234,4944600,48234,-324,-324
3113,2013-08-01,48235,49281,48235,49141,4687400,49141,906,906
3114,2013-08-02,49141,49550,48448,48474,4491200,48474,-667,-667
3115,2013-08-05,48477,48707,48264,48436,3743000,48436,-41,-41
3116,2013-08-06,48436,48522,47225,47422,5267000,47422,-1014,-1014
3117,2013-08-07,47422,47665,47164,47447,4463400,47447,25,25
3118,2013-08-08,47453,49230,47453,48929,5221800,48929,1476,1476
3119,2013-08-09,48949,50001,48836,49875,6321000,49875,926,926
3120,2013-08-12,49878,51380,49878,50299,7041200,50299,421,421
3121,2013-08-13,50299,50734,50040,50601,6511900,50601,302,302
3122,2013-08-14,50594,51364,50414,50896,11269000,50896,302,302
3123,2013-08-15,50880,51453,50050,50908,8357400,50908,28,28
3124,2013-08-16,50906,51555,50800,51539,7402400,51539,633,633
3125,2013-08-19,51540,52089,51115,51574,6388000,51574,34,34
3126,2013-08-20,51561,51561,50499,50507,5834400,50507,-1054,-1054
3127,2013-08-21,50501,51171,50055,50405,5993400,50405,-96,-96
3128,2013-08-22,50408,51458,50408,51398,5570000,51398,990,990
3129,2013-08-23,51401,52197,51166,52197,5887800,52197,796,796
3130,2013-08-26,52200,52398,51429,51429,4283400,51429,-771,-771
3131,2013-08-27,51425,51425,50018,50092,5718400,50092,-1333,-1333
3132,2013-08-28,50092,50591,49530,49867,8503400,49867,-225,-225
3133,2013-08-29,49867,50558,49845,49922,7991000,49922,55,55
3134,2013-08-30,49932,50480,49649,50008,14233400,50008,76,76
3135,2013-09-02,50012,51976,50012,51835,9666200,51835,1823,1823
3136,2013-09-03,51833,52289,51422,51626,6887000,51626,-207,-207
3137,2013-09-04,51621,51830,51108,51716,5036400,51716,95,95
3138,2013-09-05,51715,52498,51256,52352,6194200,52352,637,637
3139,2013-09-06,52354,54125,52354,53749,10524400,53749,1395,1395
3140,2013-09-09,53752,54531,53257,54252,7775400,54252,500,500
3141,2013-09-10,54252,54740,53769,53979,6826400,53979,-273,-273
3142,2013-09-11,53982,54304,53307,53570,6817000,53570,-412,-412
3143,2013-09-12,53570,53839,52945,53307,6094600,53307,-263,-263
3144,2013-09-13,53311,53859,52917,53798,4938600,53798,487,487
3145,2013-09-16,53799,54463,53559,53822,4775000,53822,23,23
3146,2013-09-17,53823,54271,53576,54271,4249200,54271,448,448
3147,2013-09-18,54273,55827,53982,55703,7541000,55703,1430,1430
3148,2013-09-19,55703,55900,54966,55096,5134600,55096,-607,-607
3149,2013-09-20,55095,55243,54019,54110,4421000,54110,-985,-985
3150,2013-09-23,54110,54683,54027,54602,3915400,54602,492,492
3151,2013-09-24,54600,54818,54164,54431,4296000,54431,-169,-169
3152,2013-09-25,54425,54612,53968,54261,3904000,54261,-164,-164
3153,2013-09-26,54263,54344,53429,53783,6266400,53783,-480,-480
3154,2013-09-27,53781,54131,53611,53739,4217400,53739,-42,-42
3155,2013-09-30,53737,53737,52291,52338,6498600,52338,-1399,-1399
3156,2013-10-01,52337,53179,52093,53179,5041900,53179,842,842
3157,2013-10-02,53176,53474,52871,53100,4144800,53100,-76,-76
3158,2013-10-03,53101,53429,52296,52490,3992100,52490,-611,-611
3159,2013-10-04,52489,52872,52113,52849,4300400,52849,360,360
3160,2013-10-07,52841,52912,52274,52417,3472200,52417,-424,-424
3161,2013-10-08,52413,52556,51870,52312,4002600,52312,-101,-101
3162,2013-10-09,52313,52836,51955,52548,4212400,52548,235,235
3163,2013-10-10,52550,53133,52512,52997,4136800,52997,447,447
3164,2013-10-11,53000,53301,52739,53150,3052400,53150,150,150
3165,2013-10-14,53150,54197,52833,54171,4094500,54171,1021,1021
3166,2013-10-15,54176,55190,54053,54981,8575300,54981,805,805
3167,2013-10-16,54983,56747,54902,55973,12960000,55973,990,990
3168,2013-10-17,55966,56168,55146,55358,7207200,55358,-608,-608
3169,2013-10-18,55360,56052,55004,55378,5977600,55378,18,18
3170,2013-10-21,55380,56109,55257,56077,4658500,56077,697,697
3171,2013-10-22,56074,56720,55898,56460,4607000,56460,386,386
3172,2013-10-23,56459,56459,55380,55440,4019200,55440,-1019,-1019
3173,2013-10-24,55440,55864,54443,54877,5649300,54877,-563,-563
3174,2013-10-25,54863,54911,54141,54154,4940300,54154,-709,-709
3175,2013-10-28,54156,55076,54070,55073,5796100,55073,917,917
3176,2013-10-29,55076,55267,54224,54539,6136200,54539,-537,-537
3177,2013-10-30,54541,54764,53917,54173,6039200,54173,-368,-368
3178,2013-10-31,54174,54466,53602,54256,12953800,54256,82,82
3179,2013-11-01,54255,54387,53753,54013,4094400,54013,-242,-242
3180,2013-11-04,54014,54531,54008,54437,2731000,54437,423,423
3181,2013-11-05,54436,54539,53731,53832,3327700,53832,-604,-604
3182,2013-11-06,53840,53857,53073,53385,4258800,53385,-455,-455
3183,2013-11-07,53390,53891,52558,52741,4874300,52741,-649,-649
3184,2013-11-08,52739,52868,51735,52249,4105300,52249,-490,-490
3185,2013-11-11,52247,52646,52072,52624,2317800,52624,377,377
3186,2013-11-12,52624,52811,51636,51804,3848200,51804,-820,-820
3187,2013-11-13,51804,52271,51290,52230,3415400,52230,426,426
3188,2013-11-14,52233,53566,52233,53452,3609700,53452,1219,1219
3189,2013-11-18,53452,54317,53452,54307,3320500,54307,855,855
3190,2013-11-19,54304,54304,52831,53033,3649200,53033,-1271,-1271
3191,2013-11-21,53027,53027,52190,52688,3624600,52688,-339,-339
3192,2013-11-22,52686,53221,52096,52801,3467000,52801,115,115
3193,2013-11-25,52807,52995,52116,52264,3075300,52264,-543,-543
3194,2013-11-26,52259,52410,51433,51447,3730200,51447,-812,-812
3195,2013-11-27,51448,52113,51448,51861,3108000,51861,413,413
3196,2013-11-28,51862,52458,51697,51847,2416600,51847,-15,-15
3197,2013-11-29,51847,52482,51847,52482,2633500,52482,635,635
3198,2013-12-02,52479,52479,51245,51245,3793600,51245,-1234,-1234
3199,2013-12-03,51240,51257,50224,50349,3683100,50349,-891,-891
3200,2013-12-04,50359,50744,50114,50216,3641200,50216,-143,-143
3201,2013-12-05,50220,51124,50220,50788,3672300,50788,568,568
3202,2013-12-06,50788,51365,50610,50944,3353300,50944,156,156
3203,2013-12-09,50942,51298,50832,51165,2277900,51165,223,223
3204,2013-12-10,51167,51334,50956,50993,2128000,50993,-174,-174
3205,2013-12-11,50991,51039,50068,50068,3083200,50068,-923,-923
3206,2013-12-12,50077,50331,49842,50122,3049400,50122,45,45
3207,2013-12-13,50133,50519,50006,50051,2875700,50051,-82,-82
3208,2013-12-16,50049,50611,50049,50280,2796500,50280,231,231
3209,2013-12-17,50279,50563,50049,50090,2678300,50090,-189,-189
3210,2013-12-18,50110,50869,50110,50563,4527700,50563,453,453
3211,2013-12-19,50578,51168,50578,50819,1146000,50819,241,241
3212,2013-12-20,51620,51641,51025,51186,3715200,51186,-434,-434
3213,2013-12-23,51188,51605,51188,51356,2305800,51356,168,168
3214,2013-12-26,51358,51610,51185,51221,1810000,51221,-137,-137
3215,2013-12-27,51239,51395,51207,51267,2002600,51267,28,28
3216,2013-12-30,51274,51996,51274,51507,2048600,51507,233,233
3217,2014-01-02,51522,51656,50246,50341,3476300,50341,-1181,-1181
3218,2014-01-03,50348,50981,50269,50981,7360400,50981,633,633
3219,2014-01-06,50980,51002,50451,50974,3727800,50974,-6,-6
3220,2014-01-07,50982,51478,50429,50430,3339500,50430,-552,-552
3221,2014-01-08,50431,50793,50424,50577,2916500,50577,146,146
3222,2014-01-09,50576,50576,49259,49322,3702600,49322,-1254,-1254
3223,2014-01-10,49322,50145,49267,49696,3509600,49696,374,374
3224,2014-01-13,49708,50003,49309,49427,2803000,49427,-281,-281
3225,2014-01-14,49421,49834,49263,49703,2887800,49703,282,282
3226,2014-01-15,49715,50230,49715,50105,2835600,50105,390,390
3227,2014-01-16,50106,50577,49628,49696,2944500,49696,-410,-410
3228,2014-01-17,49696,49868,49174,49182,2615000,49182,-514,-514
3229,2014-01-20,49180,49292,48673,48708,1413000,48708,-472,-472
3230,2014-01-21,48728,49124,48440,48542,3104400,48542,-186,-186
3231,2014-01-22,48543,49487,48543,49300,3873300,49300,757,757
3232,2014-01-23,49294,49598,48321,48321,3881700,48321,-973,-973
3233,2014-01-24,48325,48327,47493,47787,3535000,47787,-538,-538
3234,2014-01-27,47782,48147,47493,47701,2936000,47701,-81,-81
3235,2014-01-28,47750,48488,47750,47841,2694500,47841,91,91
3236,2014-01-29,47839,47884,47154,47557,3324900,47557,-282,-282
3237,2014-01-30,47554,48034,47115,47244,3108300,47244,-310,-310
3238,2014-01-31,47234,47652,46814,47639,3718700,47639,405,405
3239,2014-02-03,47623,47623,46109,46148,3622100,46148,-1475,-1475
3240,2014-02-04,46148,47132,46146,46964,3471600,46964,816,816
3241,2014-02-05,46964,47148,46224,46624,3358900,46624,-340,-340
3242,2014-02-06,46988,48034,46632,47738,3632200,47738,750,750
3243,2014-02-07,47739,48253,47557,48074,3195800,48074,335,335
3244,2014-02-10,48070,48136,47465,47711,2634500,47711,-359,-359
3245,2014-02-11,47715,48604,47589,48463,3379300,48463,748,748
3246,2014-02-12,48467,48669,48044,48217,2766300,48217,-250,-250
3247,2014-02-13,48211,48211,47129,47813,3167100,47813,-398,-398
3248,2014-02-14,47816,48314,47756,48201,3192200,48201,385,385
3249,2014-02-17,48199,48297,47540,47576,1884200,47576,-623,-623
3250,2014-02-18,47575,47712,46600,46600,3860000,46600,-975,-975
3251,2014-02-19,46597,47155,46134,47151,3995400,47151,554,554
3252,2014-02-20,47127,47600,46634,47289,2996900,47289,162,162
3253,2014-02-21,47290,47816,47075,47380,2605800,47380,90,90
3254,2014-02-24,47375,47538,46991,47393,2990700,47393,18,18
3255,2014-02-25,47388,47388,46614,46716,2924800,46716,-672,-672
3256,2014-02-26,46718,47010,46403,46599,3225700,46599,-119,-119
3257,2014-02-27,46622,47781,46622,47607,3046300,47607,985,985
3258,2014-02-28,47613,47813,47043,47094,4088300,47094,-519,-519
3259,2014-03-05,47092,47154,46473,46589,2293000,46589,-503,-503
3260,2014-03-06,46592,47400,46502,47093,3164900,47093,501,501
3261,2014-03-07,47093,47218,46086,46244,3982800,46244,-849,-849
3262,2014-03-10,46242,46242,45203,45533,3673600,45533,-709,-709
3263,2014-03-11,45533,46050,45401,45698,3282400,45698,165,165
3264,2014-03-12,45687,45916,45508,45862,3021300,45862,175,175
3265,2014-03-13,45864,46176,45250,45444,3118200,45444,-420,-420
3266,2014-03-14,45444,45562,44905,44966,3477100,44966,-478,-478
3267,2014-03-17,44979,45499,44969,45118,2929300,45118,139,139
3268,2014-03-18,45115,46217,45074,46150,3593900,46150,1035,1035
3269,2014-03-19,46152,46803,45909,46567,3337700,46567,415,415
3270,2014-03-20,46565,47484,46151,47278,4364800,47278,713,713
3271,2014-03-21,47272,47832,46721,47381,4187600,47381,109,109
3272,2014-03-24,47382,48142,47382,47993,3008900,47993,611,611
3273,2014-03-25,47993,48441,47950,48180,2953800,48180,187,187
3274,2014-03-26,48182,48725,47963,47966,3439100,47966,-216,-216
3275,2014-03-27,47965,49647,47962,49647,5928200,49647,1682,1682
3276,2014-03-28,49653,50181,49606,49768,4230500,49768,115,115
3277,2014-03-31,49770,50418,49770,50415,3645900,50415,645,645
3278,2014-04-01,50412,50627,49774,50270,3501200,50270,-142,-142
3279,2014-04-02,50273,51794,50201,51701,4790700,51701,1428,1428
3280,2014-04-03,51712,51991,51059,51408,3503400,51408,-304,-304
3281,2014-04-04,51428,52288,51034,51082,3696200,51082,-346,-346
3282,2014-04-07,51115,52229,51115,52155,3673400,52155,1040,1040
3283,2014-04-08,52173,53394,51377,51629,5496100,51629,-544,-544
3284,2014-04-09,51629,51629,50653,51185,4195300,51185,-444,-444
3285,2014-04-10,51185,51522,50732,51127,3588900,51127,-58,-58
3286,2014-04-11,51127,51871,50518,51867,3395300,51867,740,740
3287,2014-04-14,51867,52110,51361,51596,2686800,51596,-271,-271
3288,2014-04-15,51593,51593,49890,50454,3858800,50454,-1139,-1139
3289,2014-04-16,50469,51288,50469,51201,3427100,51201,732,732
3290,2014-04-17,51201,52338,50887,52112,3015500,52112,911,911
3291,2014-04-22,52112,52460,51682,51977,3492900,51977,-135,-135
3292,2014-04-23,51975,51975,51400,51570,2844000,51570,-405,-405
3293,2014-04-24,51570,51963,51238,51817,3186900,51817,247,247
3294,2014-04-25,51817,51817,51019,51399,2954700,51399,-418,-418
3295,2014-04-28,51397,51471,50777,51384,2711300,51384,-13,-13
3296,2014-04-29,51386,52416,51386,51839,4326300,51839,453,453
3297,2014-04-30,51837,51837,51250,51626,4623600,51626,-211,-211
3298,2014-05-02,51630,53060,51628,52980,8106000,52980,1350,1350
3299,2014-05-05,52989,53506,52931,53446,4441100,53446,457,457
3300,2014-05-06,53446,53986,53094,53780,4965700,53780,334,334
3301,2014-05-07,53786,54226,53499,54053,4569600,54053,267,267
3302,2014-05-08,54053,54249,53222,53422,3344300,53422,-631,-631
3303,2014-05-09,53422,53639,53057,53100,3177900,53100,-322,-322
3304,2014-05-12,53103,54053,53103,54053,2744300,54053,950,950
3305,2014-05-13,54056,54243,53731,53907,2956600,53907,-149,-149
3306,2014-05-14,53913,54459,53867,54413,2878900,54413,500,500
3307,2014-05-15,54404,54404,53565,53856,3436100,53856,-548,-548
3308,2014-05-16,53856,54382,53709,53976,3541400,53976,120,120
3309,2014-05-19,53976,53991,53267,53353,3089500,53353,-623,-623
3310,2014-05-20,53353,53843,52313,52366,3948600,52366,-987,-987
3311,2014-05-21,52366,52875,52203,52203,3248100,52203,-163,-163
3312,2014-05-22,52206,52851,52133,52806,2941400,52806,600,600
3313,2014-05-23,52807,52936,52403,52626,2462300,52626,-181,-181
3314,2014-05-26,52649,53044,52649,52932,1186800,52932,283,283
3315,2014-05-27,52932,53309,52079,52172,2894700,52172,-760,-760
3316,2014-05-28,52174,52858,52009,52640,2842500,52640,466,466
3317,2014-05-29,52649,52889,52031,52239,2394300,52239,-410,-410
3318,2014-05-30,52233,52233,51239,51239,4533200,51239,-994,-994
3319,2014-06-02,51239,51879,51239,51606,2597900,51606,367,367
3320,2014-06-03,51606,52032,51377,52032,2859400,52032,426,426
3321,2014-06-04,52032,52032,51609,51833,2571500,51833,-199,-199
3322,2014-06-05,51833,52245,51470,51559,2890000,51559,-274,-274
3323,2014-06-06,51562,53175,51562,53129,4298400,53129,1567,1567
3324,2014-06-09,53129,54462,53091,54273,3660000,54273,1144,1144
3325,2014-06-10,54273,54604,53960,54604,3729900,54604,331,331
3326,2014-06-11,54676,55284,54676,55102,3796000,55102,426,426
3327,2014-06-13,55102,55104,54649,54807,2664400,54807,-295,-295
3328,2014-06-16,54807,54855,54475,54630,2637400,54630,-177,-177
3329,2014-06-17,54630,54638,54150,54300,1588400,54300,-330,-330
3330,2014-06-18,54301,55203,54046,55203,3265400,55203,902,902
3331,2014-06-20,55192,55192,54540,54638,2347800,54638,-554,-554
3332,2014-06-23,54637,54724,54097,54210,1403100,54210,-427,-427
3333,2014-06-24,54194,55002,54094,54281,3121500,54281,87,87
3334,2014-06-25,54281,54393,53363,53426,2953100,53426,-855,-855
3335,2014-06-26,53426,53790,53331,53506,2241300,53506,80,80
3336,2014-06-27,53507,53614,52919,53157,2370800,53157,-350,-350
3337,2014-06-30,53158,53311,52709,53168,2448700,53168,10,10
3338,2014-07-01,53170,53698,52887,53171,2693300,53171,1,1
3339,2014-07-02,53171,53245,52735,53029,3156000,53029,-142,-142
3340,2014-07-03,53029,53877,52760,53875,3302900,53875,846,846
3341,2014-07-04,53892,54086,53703,54055,753800,54055,163,163
3342,2014-07-07,54042,54042,53376,53802,2194500,53802,-240,-240
3343,2014-07-08,53814,53905,53459,53635,1854600,53635,-179,-179
3344,2014-07-10,53643,54600,53643,54593,4720300,54593,950,950
3345,2014-07-11,54593,54952,54320,54786,3377200,54786,193,193
3346,2014-07-14,54786,55896,54786,55744,4170300,55744,958,958
3347,2014-07-15,55742,56107,55629,55974,3222300,55974,232,232
3348,2014-07-16,55973,56332,55573,55717,4094500,55717,-256,-256
3349,2014-07-17,55712,56190,55237,55638,3975700,55638,-74,-74
3350,2014-07-18,55639,57484,55639,57013,5296300,57013,1374,1374
3351,2014-07-21,57014,57756,56864,57634,3034800,57634,620,620
3352,2014-07-22,57636,58138,57500,57983,3010300,57983,347,347
3353,2014-07-23,57983,57983,57142,57420,2735100,57420,-563,-563
3354,2014-07-24,57420,58122,57357,57978,3040100,57978,558,558
3355,2014-07-25,57978,58069,57648,57821,2422200,57821,-157,-157
3356,2014-07-28,57823,58040,57415,57696,2366800,57696,-127,-127
3357,2014-07-29,57697,58013,57083,57119,2702100,57119,-578,-578
3358,2014-07-30,57119,57439,56706,56878,2446200,56878,-241,-241
3359,2014-07-31,56878,56878,55502,55829,3488600,55829,-1049,-1049
3360,2014-08-01,55827,56059,55267,55903,3229100,55903,76,76
3361,2014-08-04,55906,56620,55586,56616,2195100,56616,710,710
3362,2014-08-05,56621,56937,56064,56202,3752600,56202,-419,-419
3363,2014-08-06,56202,56797,55696,56487,4006200,56487,285,285
3364,2014-08-07,56487,56923,55985,56188,3049200,56188,-299,-299
3365,2014-08-08,56187,56187,55319,55573,3017300,55573,-614,-614
3366,2014-08-11,55578,56657,55578,56613,2672500,56613,1035,1035
3367,2014-08-12,56613,56811,56312,56442,2145000,56442,-171,-171
3368,2014-08-13,56454,56736,55239,55581,4810800,55581,-873,-873
3369,2014-08-14,55558,55947,55437,55780,3045400,55780,222,222
3370,2014-08-15,55783,56965,55783,56964,3437700,56964,1181,1181
3371,2014-08-18,56968,57665,56968,57561,3268300,57561,593,593
3372,2014-08-19,57561,58475,57371,58449,3485000,58449,888,888
3373,2014-08-20,58450,59010,58320,58878,3300100,58878,428,428
3374,2014-08-21,58878,59207,58558,58992,3322000,58992,114,114
3375,2014-08-22,58992,58992,58164,58407,2327300,58407,-585,-585
3376,2014-08-25,58408,59743,58408,59735,2875600,59735,1327,1327
3377,2014-08-26,59735,60093,59522,59821,4014100,59821,86,86
3378,2014-08-27,59822,61247,59822,60951,5389100,60951,1129,1129
3379,2014-08-28,60945,60980,60189,60291,4462600,60291,-654,-654
3380,2014-08-29,60291,61442,60272,61288,4942400,61288,997,997
3381,2014-09-01,61294,62279,61141,61141,2769100,61141,-153,-153
3382,2014-09-02,61142,62231,60930,61896,3995800,61896,754,754
3383,2014-09-03,61900,62305,61199,61837,4164300,61837,-63,-63
3384,2014-09-04,61836,61836,60739,60800,4010700,60800,-1036,-1036
3385,2014-09-05,60800,61029,60243,60681,3808600,60681,-119,-119
3386,2014-09-08,60708,61513,59191,59193,4386000,59193,-1515,-1515
3387,2014-09-09,59158,59485,58306,58676,4461200,58676,-482,-482
3388,2014-09-10,58675,58675,57450,58199,3805800,58199,-476,-476
3389,2014-09-11,58202,58809,58112,58337,2893100,58337,135,135
3390,2014-09-12,58336,58336,56666,56928,4620200,56928,-1408,-1408
3391,2014-09-15,56930,57949,56852,57949,2902300,57949,1019,1019
3392,2014-09-16,57949,60243,57946,59115,4876300,59115,1166,1166
3393,2014-09-17,59115,60025,59096,59108,3525800,59108,-7,-7
3394,2014-09-18,59108,59267,58118,58374,3848200,58374,-734,-734
3395,2014-09-19,58356,58516,57514,57789,3464700,57789,-567,-567
3396,2014-09-22,57788,57788,55974,56818,3814900,56818,-970,-970
3397,2014-09-23,56818,57332,56086,56541,3317200,56541,-277,-277
3398,2014-09-24,56539,57131,55934,56824,2848300,56824,285,285
3399,2014-09-25,56822,56822,55876,55962,2845400,55962,-860,-860
3400,2014-09-26,55965,57489,55946,57212,2982200,57212,1247,1247
3401,2014-09-29,57211,57211,54124,54625,5186400,54625,-2586,-2586
3402,2014-09-30,54626,54626,53536,54116,5222300,54116,-510,-510
3403,2014-10-01,54115,54115,52647,52858,4918800,52858,-1257,-1257
3404,2014-10-02,52859,54022,52480,53519,3986300,53519,660,660
3405,2014-10-03,53519,54540,53368,54540,3708600,54540,1021,1021
3406,2014-10-06,54542,58897,54542,57116,6714000,57116,2574,2574
3407,2014-10-07,57124,58318,57124,57436,4874100,57436,312,312
3408,2014-10-08,57440,58191,56199,57058,4807200,57058,-382,-382
3409,2014-10-09,57079,58246,57077,57268,4503200,57268,189,189
3410,2014-10-10,57266,57266,55312,55312,3635700,55312,-1954,-1954
3411,2014-10-13,55313,58747,55313,57957,4544400,57957,2644,2644
3412,2014-10-14,57945,58856,57258,58015,3904700,58015,70,70
3413,2014-10-15,58012,58012,54919,56135,5671200,56135,-1877,-1877
3414,2014-10-16,56124,56124,54132,54298,5427800,54298,-1826,-1826
3415,2014-10-17,54298,55949,54298,55724,4406300,55724,1426,1426
3416,2014-10-20,55720,55720,54300,54303,3868300,54303,-1417,-1417
3417,2014-10-21,54300,54300,51922,52432,6578000,52432,-1868,-1868
3418,2014-10-22,52427,53229,52064,52411,3755400,52411,-16,-16
3419,2014-10-23,52409,52409,50654,50713,6346100,50713,-1696,-1696
3420,2014-10-24,50687,53146,50596,51941,5852100,51941,1254,1254
3421,2014-10-27,51937,51937,48722,50504,7999300,50504,-1433,-1433
3422,2014-10-28,50504,52374,50503,52330,5761300,52330,1826,1826
3423,2014-10-29,52330,52330,51049,51049,4915300,51049,-1281,-1281
3424,2014-10-30,51049,52574,51049,52337,4299700,52337,1288,1288
3425,2014-10-31,52338,54629,52335,54629,5348200,54629,2291,2291
3426,2014-11-03,54629,54629,53054,53947,3665200,53947,-682,-682
3427,2014-11-04,53947,54384,53432,54384,3529800,54384,437,437
3428,2014-11-05,54384,54384,53589,53698,2901600,53698,-686,-686
3429,2014-11-06,53697,53697,52418,52637,3692500,52637,-1060,-1060
3430,2014-11-07,52637,53483,52197,53223,3592600,53223,586,586
3431,2014-11-10,53223,53830,52716,52725,2973700,52725,-498,-498
3432,2014-11-11,52718,52718,52003,52474,2678500,52474,-244,-244
3433,2014-11-12,52473,53435,52187,52979,3198600,52979,506,506
3434,2014-11-13,52979,53323,51846,51846,3032900,51846,-1133,-1133
3435,2014-11-14,51834,51900,50886,51772,3789300,51772,-62,-62
3436,2014-11-17,51772,52223,51047,51257,2824600,51257,-515,-515
3437,2014-11-18,51257,52122,51067,52062,3639700,52062,805,805
3438,2014-11-19,52062,53403,52032,53403,4251300,53403,1341,1341
3439,2014-11-21,53403,56214,53403,56084,6026200,56084,2681,2681
3440,2014-11-24,56086,57359,55292,55407,4588700,55407,-679,-679
3441,2014-11-25,55410,56387,55204,55561,5033200,55561,151,151
3442,2014-11-26,55561,56100,54977,55098,3033300,55098,-463,-463
3443,2014-11-27,55099,56065,54592,54721,2292700,54721,-378,-378
3444,2014-11-28,54731,55436,54664,54664,2637700,54664,-67,-67
3445,2014-12-01,54719,54719,52156,52276,4312800,52276,-2443,-2443
3446,2014-12-02,52277,52639,51471,51612,3296400,51612,-665,-665
3447,2014-12-03,51610,52470,51610,52320,2724600,52320,710,710
3448,2014-12-04,52320,52539,51074,51427,2913300,51427,-893,-893
3449,2014-12-05,51427,52023,51163,51992,2530100,51992,565,565
3450,2014-12-08,51992,51992,50015,50274,3302600,50274,-1718,-1718
3451,2014-12-09,50250,50260,49395,50193,3852900,50193,-57,-57
3452,2014-12-10,50192,50192,49297,49548,3168900,49548,-644,-644
3453,2014-12-11,49548,49946,48808,49861,3828900,49861,313,313
3454,2014-12-12,49861,49861,47973,48002,3756700,48002,-1859,-1859
3455,2014-12-15,48002,48401,46410,47019,4685700,47019,-983,-983
3456,2014-12-16,47016,47595,45853,47008,5339900,47008,-8,-8
3457,2014-12-17,47008,49258,47008,48714,6209500,48714,1706,1706
3458,2014-12-18,48714,49565,48296,48496,4240500,48496,-218,-218
3459,2014-12-19,48492,49658,48435,49651,3620400,49651,1159,1159
3460,2014-12-22,49651,50121,49105,50121,2675200,50121,470,470
3461,2014-12-23,50121,50890,49815,50890,2668300,50890,769,769
3462,2014-12-26,50891,50973,49914,50145,1911100,50145,-746,-746
3463,2014-12-29,50145,50903,50008,50594,1852500,50594,449,449
3464,2014-12-30,50601,50841,49993,50007,2925300,50007,-594,-594
3465,2015-01-02,50005,50005,48345,48512,2882100,48512,-1493,-1493
3466,2015-01-05,48512,48512,47264,47517,3866100,47517,-995,-995
3467,2015-01-06,47517,48061,47338,48001,4559300,48001,484,484
3468,2015-01-07,48006,49882,48006,49463,4408800,49463,1457,1457
3469,2015-01-08,49463,50261,49017,49943,3621900,49943,480,480
3470,2015-01-09,49955,49955,48501,48840,2999200,48840,-1115,-1115
3471,2015-01-12,48840,48840,47956,48140,3246100,48140,-700,-700
3472,2015-01-13,48144,48939,48042,48042,3881600,48042,-102,-102
3473,2015-01-14,48038,48281,47372,47646,3697200,47646,-392,-392
3474,2015-01-15,47648,48853,47648,48026,4463600,48026,378,378
3475,2015-01-16,48028,49264,48028,49017,3344900,49017,989,989
3476,2015-01-19,49009,49009,47503,47758,2096000,47758,-1251,-1251
3477,2015-01-20,47759,48687,47619,47877,2899100,47877,118,118
3478,2015-01-21,47888,49329,47888,49224,3561400,49224,1336,1336
3479,2015-01-22,49227,50281,49227,49443,4952300,49443,216,216
3480,2015-01-23,49432,49523,48496,48775,3081600,48775,-657,-657
3481,2015-01-26,48712,48712,48004,48577,2774200,48577,-135,-135
3482,2015-01-27,48577,48864,47352,48591,3890900,48591,14,14
3483,2015-01-28,48589,48589,47550,47695,4241400,47695,-894,-894
3484,2015-01-29,47696,47894,47007,47762,4405500,47762,66,66
3485,2015-01-30,47759,47759,46484,46908,4846600,46908,-851,-851
3486,2015-02-02,46933,47684,46760,47651,3247800,47651,718,718
3487,2015-02-03,47664,48993,47664,48964,4819800,48964,1300,1300
3488,2015-02-04,48965,49718,48214,49301,4811300,49301,336,336
3489,2015-02-05,49299,49816,49020,49234,4004000,49234,-65,-65
3490,2015-02-06,49231,49231,48209,48792,4591400,48792,-439,-439
3491,2015-02-09,48792,49522,48416,49383,3658900,49383,591,591
3492,2015-02-10,49359,49799,48510,48510,3796000,48510,-849,-849
3493,2015-02-11,48508,48762,47841,48240,4307600,48240,-268,-268
3494,2015-02-12,48240,49690,48240,49533,3828500,49533,1293,1293
3495,2015-02-13,49546,50726,49476,50636,3888100,50636,1090,1090
3496,2015-02-18,50639,51868,50639,51280,2940700,51280,641,641
3497,2015-02-19,51281,51638,50870,51294,2485100,51294,13,13
3498,2015-02-20,51301,51450,50711,51238,2208700,51238,-63,-63
3499,2015-02-23,51238,51690,50861,51281,2824500,51281,43,43
3500,2015-02-24,51288,51956,51049,51874,3004200,51874,586,586
3501,2015-02-25,51863,51863,51051,51811,3477200,51811,-52,-52
3502,2015-02-26,51812,51922,51181,51761,3239000,51761,-51,-51
3503,2015-02-27,51760,52457,51474,51583,4177300,51583,-177,-177
3504,2015-03-02,51580,51580,50775,51021,2793700,51021,-559,-559
3505,2015-03-03,51021,51432,50995,51304,2746200,51304,283,283
3506,2015-03-04,51303,51303,50399,50468,3654700,50468,-835,-835
3507,2015-03-05,50472,50734,50114,50365,2732500,50365,-107,-107
3508,2015-03-06,50355,50401,49779,49981,2787800,49981,-374,-374
3509,2015-03-09,49978,49978,48952,49181,3299100,49181,-797,-797
3510,2015-03-10,49177,49177,48293,48293,4434300,48293,-884,-884
3511,2015-03-11,48309,48937,48309,48906,3839700,48906,597,597
3512,2015-03-12,48908,49633,48684,48880,3833200,48880,-28,-28
3513,2015-03-13,48858,48858,47905,48596,4475600,48596,-262,-262
3514,2015-03-16,48602,49205,48394,48848,3155400,48848,246,246
3515,2015-03-17,48849,50384,48841,50285,4013900,50285,1436,1436
3516,2015-03-18,50284,51773,49788,51526,4458900,51526,1242,1242
3517,2015-03-19,51530,51547,50791,50954,3263600,50954,-576,-576
3518,2015-03-20,50964,52286,50964,51967,4916800,51967,1003,1003
3519,2015-03-23,51970,52178,51516,51908,3397500,51908,-62,-62
3520,2015-03-24,51908,52223,51006,51506,3436500,51506,-402,-402
3521,2015-03-25,51507,52319,51507,51858,4774600,51858,351,351
3522,2015-03-26,51835,51835,50528,50580,3638500,50580,-1255,-1255
3523,2015-03-27,50575,50575,49909,50095,3927700,50095,-480,-480
3524,2015-03-30,50100,51265,50100,51243,2798500,51243,1143,1143
3525,2015-03-31,51243,51466,50612,51150,3511300,51150,-93,-93
3526,2015-04-01,51186,52613,51186,52322,4411500,52322,1136,1136
3527,2015-04-02,52322,53312,52322,53123,4266500,53123,801,801
3528,2015-04-06,53124,54146,53122,53737,3322100,53737,613,613
3529,2015-04-07,53738,54002,53436,53729,3487100,53729,-9,-9
3530,2015-04-08,53732,54458,53508,53661,4780400,53661,-71,-71
3531,2015-04-09,53638,54002,53292,53803,4338300,53803,165,165
3532,2015-04-10,53803,54413,53556,54214,3683000,54214,411,411
3533,2015-04-13,54214,54866,54004,54240,3660300,54240,26,26
3534,2015-04-14,54240,54625,53773,53982,3747100,53982,-258,-258
3535,2015-04-15,54037,54960,54037,54919,4069600,54919,882,882
3536,2015-04-16,54919,54919,54316,54674,4133000,54674,-245,-245
3537,2015-04-17,54672,54672,53896,53955,3537200,53955,-717,-717
3538,2015-04-20,53965,54385,53510,53761,2688000,53761,-204,-204
3539,2015-04-22,53762,54848,53762,54617,3700600,54617,855,855
3540,2015-04-23,54616,55782,54064,55685,5535100,55685,1069,1069
3541,2015-04-24,55687,56965,55687,56594,4982000,56594,907,907
3542,2015-04-27,56554,56962,55515,55535,3854300,55535,-1019,-1019
3543,2015-04-28,55549,56018,54973,55812,4082600,55812,263,263
3544,2015-04-29,55809,55809,55067,55325,3888400,55325,-484,-484
3545,2015-04-30,55312,56229,55080,56229,4947500,56229,917,917
3546,2015-05-04,56230,57520,56230,57354,3492600,57354,1124,1124
3547,2015-05-05,57350,58147,57096,58052,3903800,58052,702,702
3548,2015-05-06,58050,58575,56820,57103,4598400,57103,-947,-947
3549,2015-05-07,57103,57290,56507,56921,3065100,56921,-182,-182
3550,2015-05-08,56965,57621,56595,57149,3410900,57149,184,184
3551,2015-05-11,57166,57490,57013,57197,2966300,57197,31,31
3552,2015-05-12,57193,57424,56753,56792,3087600,56792,-401,-401
3553,2015-05-13,56790,56900,56199,56372,3071700,56372,-418,-418
3554,2015-05-14,56376,56921,56105,56657,3209800,56657,281,281
3555,2015-05-15,56656,57288,56422,57249,2894400,57249,593,593
3556,2015-05-18,57250,57606,55926,56204,3778400,56204,-1046,-1046
3557,2015-05-19,56204,56212,55027,55499,3223000,55499,-705,-705
3558,2015-05-20,55497,55645,54820,54901,3278700,54901,-596,-596
3559,2015-05-21,54900,55112,54526,55112,3303700,55112,212,212
3560,2015-05-22,55112,55223,54038,54377,3689100,54377,-735,-735
3561,2015-05-25,54378,54868,53972,54609,1604600,54609,231,231
3562,2015-05-26,54609,54609,53548,53630,3324200,53630,-979,-979
3563,2015-05-27,53631,54293,53136,54236,3475600,54236,605,605
3564,2015-05-28,54230,54230,53363,53976,2914500,53976,-254,-254
3565,2015-05-29,53974,53974,52760,52760,5553300,52760,-1214,-1214
3566,2015-06-01,52753,53233,52666,53031,2675400,53031,278,278
3567,2015-06-02,53035,54236,53035,54236,3476000,54236,1201,1201
3568,2015-06-03,54254,54254,53462,53523,3317500,53523,-731,-731
3569,2015-06-05,53518,53518,52808,52973,2729100,52973,-545,-545
3570,2015-06-08,52975,53325,52810,52810,2582500,52810,-165,-165
3571,2015-06-09,52810,53292,52688,52816,3678000,52816,6,6
3572,2015-06-10,52817,54102,52817,53876,3587500,53876,1059,1059
3573,2015-06-11,53876,54271,53444,53689,3093500,53689,-187,-187
3574,2015-06-12,53689,53689,53033,53348,2379500,53348,-341,-341
3575,2015-06-15,53338,53338,52548,53138,2607700,53138,-200,-200
3576,2015-06-16,53144,53969,53107,53702,3280300,53702,558,558
3577,2015-06-17,53698,53755,52965,53249,2993200,53249,-449,-449
3578,2015-06-18,53251,54352,53214,54239,2665000,54239,988,988
3579,2015-06-19,54236,54236,53479,53749,2948200,53749,-487,-487
3580,2015-06-22,53750,54342,53655,53864,2354400,53864,114,114
3581,2015-06-23,53865,54361,53772,53772,2625300,53772,-93,-93
3582,2015-06-24,53772,54236,53628,53843,2731100,53843,71,71
3583,2015-06-25,53840,53840,52879,53176,3234900,53176,-664,-664
3584,2015-06-26,53181,54076,53151,54017,2705400,54017,836,836
3585,2015-06-29,54013,54013,52647,53014,2550600,53014,-999,-999
3586,2015-06-30,53014,53345,52813,53081,3021100,53081,67,67
3587,2015-07-01,53081,53456,52603,52758,2714000,52758,-323,-323
3588,2015-07-02,52758,53357,52758,53106,2998100,53106,348,348
3589,2015-07-03,53106,53106,52370,52519,1498600,52519,-587,-587
3590,2015-07-06,52511,52679,51683,52149,2573500,52149,-362,-362
3591,2015-07-07,52149,52388,51130,52344,3538900,52344,195,195
3592,2015-07-08,52343,52468,51574,51782,2880300,51782,-561,-561
3593,2015-07-10,51782,52786,51782,52591,2678700,52591,809,809
3594,2015-07-13,52591,53164,52591,53119,2606900,53119,528,528
3595,2015-07-14,53119,53416,52653,53239,2740900,53239,120,120
3596,2015-07-15,53239,53334,52790,52902,2533600,52902,-337,-337
3597,2015-07-16,52902,53417,52714,53070,2075700,53070,168,168
3598,2015-07-17,53070,53310,52221,52342,2440800,52342,-728,-728
3599,2015-07-20,52341,52424,51525,51600,2635000,51600,-741,-741
3600,2015-07-21,51603,51998,51244,51474,2942600,51474,-129,-129
3601,2015-07-22,51474,51474,50592,50916,3123300,50916,-558,-558
3602,2015-07-23,50916,51063,49668,49807,4181500,49807,-1109,-1109
3603,2015-07-24,49804,49831,48624,49246,3632500,49246,-558,-558
3604,2015-07-27,49246,49298,48640,48736,3489100,48736,-510,-510
3605,2015-07-28,48740,49871,48740,49602,4137600,49602,862,862
3606,2015-07-29,49602,50333,49422,50245,3746800,50245,643,643
3607,2015-07-30,50245,50645,49612,49897,3261200,49897,-348,-348
3608,2015-07-31,49897,50895,49892,50865,3142200,50865,968,968
3609,2015-08-03,50867,50867,50054,50138,2613200,50138,-729,-729
3610,2015-08-04,50138,50574,49827,50058,2670400,50058,-80,-80
3611,2015-08-05,50067,50853,50067,50287,2662100,50287,220,220
3612,2015-08-06,50280,50534,49624,50011,3640800,50011,-269,-269
3613,2015-08-07,50013,50013,48512,48577,3218400,48577,-1436,-1436
3614,2015-08-10,48578,49512,48578,49353,2842100,49353,775,775
3615,2015-08-11,49340,49340,48306,49072,3288000,49072,-268,-268
3616,2015-08-12,49064,49064,48028,48388,4234500,48388,-676,-676
3617,2015-08-13,48390,48606,47722,48010,3186500,48010,-380,-380
3618,2015-08-14,48010,48186,47508,47508,2878900,47508,-502,-502
3619,2015-08-17,47509,47788,47217,47217,2411800,47217,-292,-292
3620,2015-08-18,47220,48084,46676,47451,3544600,47451,231,231
3621,2015-08-19,47451,47451,45977,46588,3236800,46588,-863,-863
3622,2015-08-20,46588,46781,46030,46649,2945700,46649,61,61
3623,2015-08-21,46649,46649,45677,45720,2869600,45720,-929,-929
3624,2015-08-24,45715,45715,42749,44336,4727700,44336,-1379,-1379
3625,2015-08-25,44338,45588,44338,44545,3726600,44545,207,207
3626,2015-08-26,44546,46039,44540,46038,3739600,46038,1492,1492
3627,2015-08-27,46038,47997,46038,47715,4252000,47715,1677,1677
3628,2015-08-28,47697,47872,46847,47154,3778600,47154,-543,-543
3629,2015-08-31,47151,47151,45570,46626,4667300,46626,-525,-525
3630,2015-09-01,46625,46625,45278,45477,3665000,45477,-1148,-1148
3631,2015-09-02,45484,46474,45445,46464,3740100,46464,980,980
3632,2015-09-03,46468,47532,46279,47366,4103000,47366,898,898
3633,2015-09-04,47366,47377,46320,46498,4174900,46498,-868,-868
3634,2015-09-08,46501,47243,46497,46762,2851000,46762,261,261
3635,2015-09-09,46762,47840,46614,46657,3699200,46657,-105,-105
3636,2015-09-10,46656,46819,45592,46504,4483200,46504,-152,-152
3637,2015-09-11,46509,46558,46176,46401,3615300,46401,-108,-108
3638,2015-09-14,46400,47386,46218,47282,3579400,47282,882,882
3639,2015-09-15,47281,47689,46746,47364,3562000,47364,83,83
3640,2015-09-16,47364,48681,47364,48553,4320300,48553,1189,1189
3641,2015-09-17,48553,49396,48082,48551,4184700,48551,-2,-2
3642,2015-09-18,48550,48550,46928,47264,4381000,47264,-1286,-1286
3643,2015-09-21,47263,47391,46425,46590,2601200,46590,-673,-673
3644,2015-09-22,46585,46585,45276,46265,4193100,46265,-320,-320
3645,2015-09-23,46263,46480,45340,45340,3962000,45340,-923,-923
3646,2015-09-24,45340,45572,44183,45292,4331700,45292,-48,-48
3647,2015-09-25,45300,45969,44697,44831,3135300,44831,-469,-469
3648,2015-09-28,44832,44832,43767,43957,2771900,43957,-875,-875
3649,2015-09-29,43956,44531,43956,44132,2960700,44132,176,176
3650,2015-09-30,44132,45294,44132,45059,4831200,45059,927,927
3651,2015-10-01,45064,45547,44789,45313,3773200,45313,249,249
3652,2015-10-02,45313,47033,44973,47033,4001300,47033,1720,1720
3653,2015-10-05,47033,48081,47019,47598,3323700,47598,565,565
3654,2015-10-06,47598,48092,47389,47735,3370800,47735,137,137
3655,2015-10-07,47735,49290,47715,48914,6060700,48914,1179,1179
3656,2015-10-08,48915,49247,48658,49107,3585000,49107,192,192
3657,2015-10-09,49105,49752,48698,49338,4551200,49338,233,233
3658,2015-10-13,49339,49339,47135,47363,4221100,47363,-1976,-1976
3659,2015-10-14,47349,47715,46701,46710,6141700,46710,-639,-639
3660,2015-10-15,46730,47188,46321,47161,3653000,47161,431,431
3661,2015-10-16,47161,47727,46517,47236,3537700,47236,75,75
3662,2015-10-19,47242,47536,46917,47447,3133600,47447,205,205
3663,2015-10-20,47447,47728,46623,47077,3297000,47077,-370,-370
3664,2015-10-21,47077,47274,46654,47026,2957300,47026,-51,-51
3665,2015-10-22,47027,47909,47027,47772,3124100,47772,745,745
3666,2015-10-23,47774,48837,47502,47597,3592300,47597,-177,-177
3667,2015-10-26,47607,47875,47105,47209,2451400,47209,-398,-398
3668,2015-10-27,47205,47338,46742,47043,3443800,47043,-162,-162
3669,2015-10-28,47038,47441,46388,46741,4085200,46741,-297,-297
3670,2015-10-29,46740,46740,45628,45628,3082000,45628,-1112,-1112
3671,2015-10-30,45628,45975,45401,45869,3231400,45869,241,241
3672,2015-11-03,45869,48054,45866,48054,4603800,48054,2185,2185
3673,2015-11-04,48059,49054,47441,47710,3627200,47710,-349,-349
3674,2015-11-05,47712,48061,47430,48047,3189000,48047,335,335
3675,2015-11-06,48046,48046,46397,46919,3091100,46919,-1127,-1127
3676,2015-11-09,46915,47001,46057,46195,2278500,46195,-720,-720
3677,2015-11-10,46195,46195,45397,46179,2401800,46179,-16,-16
3678,2015-11-11,46207,47231,46207,47065,3071700,47065,858,858
3679,2015-11-12,47065,47460,46696,46884,3154200,46884,-181,-181
3680,2015-11-13,46884,46884,46311,46517,3517200,46517,-367,-367
3681,2015-11-16,46519,46905,46399,46847,3144900,46847,328,328
3682,2015-11-17,46848,47698,46848,47248,3341700,47248,400,400
3683,2015-11-18,47241,47951,47241,47436,3965500,47436,195,195
3684,2015-11-19,47437,48227,47437,48139,4069100,48139,702,702
3685,2015-11-23,48138,48745,47988,48150,3277600,48150,12,12
3686,2015-11-24,48143,48320,47442,48284,3445700,48284,141,141
3687,2015-11-25,48270,48270,46742,46867,3976000,46867,-1403,-1403
3688,2015-11-26,46867,47199,46867,47146,2288300,47146,279,279
3689,2015-11-27,47144,47144,45812,45873,3031900,45873,-1271,-1271
3690,2015-11-30,45871,45931,45106,45120,7164800,45120,-751,-751
3691,2015-12-01,45121,45482,44775,45047,4176300,45047,-74,-74
3692,2015-12-02,45046,45338,44579,44915,4179400,44915,-131,-131
3693,2015-12-03,44923,47142,44923,46393,4421500,46393,1470,1470
3694,2015-12-04,46385,46385,45023,45361,3520900,45361,-1024,-1024
3695,2015-12-07,45361,46157,45217,45223,2853300,45223,-138,-138
3696,2015-12-08,45223,45233,44232,44443,3203200,44443,-780,-780
3697,2015-12-09,44444,46438,44444,46108,4446400,46108,1664,1664
3698,2015-12-10,46084,46323,45351,45631,3638300,45631,-453,-453
3699,2015-12-11,45630,45981,45068,45263,3281900,45263,-367,-367
3700,2015-12-14,45258,45258,44531,44747,2481600,44747,-511,-511
3701,2015-12-15,44748,45423,44748,44872,2558500,44872,124,124
3702,2015-12-16,44868,45099,44095,45016,3324300,45016,148,148
3703,2015-12-17,45016,46251,45016,45261,3028800,45261,245,245
3704,2015-12-18,45249,45249,43690,43911,4564700,43911,-1338,-1338
3705,2015-12-21,43912,44223,43196,43200,3452900,43200,-712,-712
3706,2015-12-22,43208,43632,43137,43470,2577000,43470,262,262
3707,2015-12-23,43479,44233,43479,44015,2501300,44015,536,536
3708,2015-12-28,44016,44087,43709,43764,1793200,43764,-252,-252
3709,2015-12-29,43781,44042,43523,43654,1675900,43654,-127,-127
3710,2015-12-30,43653,43662,43217,43350,2679200,43350,-303,-303
3711,2016-01-04,43349,43349,42125,42141,2976300,42141,-1208,-1208
3712,2016-01-05,42139,42534,42137,42419,2557200,42419,280,280
3713,2016-01-06,42410,42410,41590,41773,3935900,41773,-637,-637
3714,2016-01-07,41772,41772,40695,40695,4032300,40695,-1077,-1077
3715,2016-01-08,40695,41218,40463,40612,3221600,40612,-83,-83
3716,2016-01-11,40612,40974,39924,39950,3086400,39950,-662,-662
3717,2016-01-12,39955,40261,39426,39514,3383700,39514,-441,-441
3718,2016-01-13,39518,40050,38822,38944,3569600,38944,-574,-574
3719,2016-01-14,38944,39502,38459,39500,3868600,39500,556,556
3720,2016-01-15,39494,39494,37986,38569,4076400,38569,-925,-925
3721,2016-01-18,38572,38633,37937,37937,2161200,37937,-635,-635
3722,2016-01-19,37941,38857,37941,38057,3044900,38057,116,116
3723,2016-01-20,38056,38056,37046,37645,3958400,37645,-411,-411
3724,2016-01-21,37647,38079,37495,37717,3773600,37717,70,70
3725,2016-01-22,37737,38444,37737,38031,4197500,38031,294,294
3726,2016-01-26,38031,38031,37112,37497,3607000,37497,-534,-534
3727,2016-01-27,37501,38766,37402,38376,4648600,38376,875,875
3728,2016-01-28,38376,39100,37996,38630,4464600,38630,254,254
3729,2016-01-29,38635,40406,38635,40406,5475700,40406,1771,1771
3730,2016-02-01,40397,40570,39738,40570,3661700,40570,173,173
3731,2016-02-02,40564,40564,38596,38596,4425300,38596,-1968,-1968
3732,2016-02-03,38597,39726,38597,39589,4238100,39589,992,992
3733,2016-02-04,39589,41444,39589,40822,5388500,40822,1233,1233
3734,2016-02-05,40812,41249,40566,40592,3669000,40592,-220,-220
3735,2016-02-10,40592,40592,39960,40377,3700000,40377,-215,-215
3736,2016-02-11,40370,40370,38928,39318,3794000,39318,-1052,-1052
3737,2016-02-12,39324,39901,39324,39808,3327800,39808,484,484
3738,2016-02-15,39808,40671,39808,40093,1694300,40093,285,285
3739,2016-02-16,40093,41206,40074,40948,3921300,40948,855,855
3740,2016-02-17,40958,42436,40958,41631,5307100,41631,673,673
3741,2016-02-18,41624,41698,41183,41478,3534900,41478,-146,-146
3742,2016-02-19,41477,41828,41071,41543,3298700,41543,66,66
3743,2016-02-22,41544,43345,41544,43235,4508500,43235,1691,1691
3744,2016-02-23,43235,43601,42359,42521,3805300,42521,-714,-714
3745,2016-02-24,42521,42521,41211,42085,3522700,42085,-436,-436
3746,2016-02-25,42084,42327,41442,41888,4046700,41888,-196,-196
3747,2016-02-26,41889,42495,41417,41593,3274600,41593,-296,-296
3748,2016-02-29,41599,43053,41599,42794,4473500,42794,1195,1195
3749,2016-03-01,42795,44181,42795,44122,4610100,44122,1327,1327
3750,2016-03-02,44122,44983,43841,44893,5009600,44893,771,771
3751,2016-03-03,44900,47375,44900,47193,9031000,47193,2293,2293
3752,2016-03-04,47194,50024,47194,49085,10284300,49085,1891,1891
3753,2016-03-07,49089,49639,48746,49246,5720600,49246,157,157
3754,2016-03-08,49244,49914,48847,49102,7150500,49102,-142,-142
3755,2016-03-09,49102,50001,48623,48665,6230600,48665,-437,-437
3756,2016-03-10,48667,49974,47922,49571,7467200,49571,904,904
3757,2016-03-11,49574,50038,49156,49639,6002200,49639,65,65
3758,2016-03-14,49639,50166,48757,48867,4801100,48867,-772,-772
3759,2016-03-15,48866,48866,46684,47130,5502200,47130,-1736,-1736
3760,2016-03-16,47130,47814,46521,47763,5111000,47763,633,633
3761,2016-03-17,47770,51268,47770,50914,7245100,50914,3144,3144
3762,2016-03-18,50915,51308,50202,50815,5448400,50815,-100,-100
3763,2016-03-21,50816,51370,50765,51172,3708500,51172,356,356
3764,2016-03-22,51170,51215,50812,51010,3896600,51010,-160,-160
3765,2016-03-23,51005,51005,49491,49690,3638700,49690,-1315,-1315
3766,2016-03-24,49686,49686,48778,49657,3688400,49657,-29,-29
3767,2016-03-28,49687,51149,49687,50838,3515800,50838,1151,1151
3768,2016-03-29,50839,51765,50387,51155,4320900,51155,316,316
3769,2016-03-30,51155,52262,50900,51249,4730600,51249,94,94
3770,2016-03-31,51248,51248,49642,50055,4251900,50055,-1193,-1193
3771,2016-04-01,50054,50768,49361,50562,3890600,50562,508,508
3772,2016-04-04,50556,50556,48600,48780,3556500,48780,-1776,-1776
3773,2016-04-05,48778,49629,48149,49054,3546100,49054,276,276
3774,2016-04-06,49054,49054,47874,48096,3810000,48096,-958,-958
3775,2016-04-07,48099,48940,48099,48513,3059900,48513,414,414
3776,2016-04-08,48517,50486,48517,50293,5047700,50293,1776,1776
3777,2016-04-11,50303,51089,50078,50165,4050700,50165,-138,-138
3778,2016-04-12,50166,52327,50166,52002,5146900,52002,1836,1836
3779,2016-04-13,52010,53844,52010,53150,6376500,53150,1140,1140
3780,2016-04-14,53150,53699,52242,52411,5492100,52411,-739,-739
3781,2016-04-15,52414,53390,52414,53228,5047800,53228,814,814
3782,2016-04-18,53229,53479,52305,52894,4385600,52894,-335,-335
3783,2016-04-19,52894,54054,52894,53710,5033900,53710,816,816
3784,2016-04-20,53711,53857,53149,53631,4554100,53631,-80,-80
3785,2016-04-22,53630,53630,52629,52908,4259400,52908,-722,-722
3786,2016-04-25,52911,52949,51748,51862,3693200,51862,-1049,-1049
3787,2016-04-26,51867,53108,51838,53083,3749400,53083,1216,1216
3788,2016-04-27,53094,54560,53094,54478,4897900,54478,1384,1384
3789,2016-04-28,54475,54978,53963,54312,4413500,54312,-163,-163
3790,2016-04-29,54317,54705,53592,53911,4898400,53911,-406,-406
3791,2016-05-02,53910,54113,53265,53562,3286100,53562,-348,-348
3792,2016-05-03,53557,53557,52260,52260,3892400,52260,-1297,-1297
3793,2016-05-04,52253,52672,51931,52553,4263800,52553,300,300
3794,2016-05-05,52569,53071,51311,51671,3653100,51671,-898,-898
3795,2016-05-06,51671,52159,51204,51718,3296100,51718,47,47
3796,2016-05-09,51717,51717,49908,50990,4938400,50990,-727,-727
3797,2016-05-10,50994,53071,50994,53071,4079200,53071,2077,2077
3798,2016-05-11,53072,53976,52736,52764,4350000,52764,-308,-308
3799,2016-05-12,52765,53703,52424,53241,4630400,53241,476,476
3800,2016-05-13,53236,53250,51366,51804,4314300,51804,-1432,-1432
3801,2016-05-16,51803,52305,51585,51803,3529500,51803,0,0
3802,2016-05-17,51795,51946,50689,50839,3871100,50839,-956,-956
3803,2016-05-18,50836,51373,50301,50562,4072500,50562,-274,-274
3804,2016-05-19,50556,50556,49588,50133,3905500,50133,-423,-423
3805,2016-05-20,50133,50822,49723,49723,3254500,49723,-410,-410
3806,2016-05-23,49709,49709,48695,49330,3412800,49330,-379,-379
3807,2016-05-24,49330,50002,49153,49345,3138900,49345,15,15
3808,2016-05-25,49347,50357,49347,49483,3472600,49483,136,136
3809,2016-05-27,49481,49805,48869,49051,2711800,49051,-430,-430
3810,2016-05-30,49051,49203,48799,48964,1169200,48964,-87,-87
3811,2016-05-31,48963,49269,48292,48472,5802800,48472,-491,-491
3812,2016-06-01,48468,49057,48200,49013,3290000,49013,545,545
3813,2016-06-02,49008,49906,48781,49887,3525800,49887,879,879
3814,2016-06-03,49888,50634,49888,50619,3329400,50619,731,731
3815,2016-06-06,50627,50924,50097,50432,3111900,50432,-195,-195
3816,2016-06-07,50432,50641,50005,50488,2958800,50488,56,56
3817,2016-06-08,50490,51812,50490,51629,4206400,51629,1139,1139
3818,2016-06-09,51633,51633,50832,51118,3213200,51118,-515,-515
3819,2016-06-10,51117,51117,49421,49422,2977400,49422,-1695,-1695
3820,2016-06-13,49419,49764,48804,49661,2630500,49661,242,242
3821,2016-06-14,49662,49894,48216,48648,3885000,48648,-1014,-1014
3822,2016-06-15,48649,49415,48324,48915,5009800,48915,266,266
3823,2016-06-16,48901,49412,48067,49412,3887200,49412,511,511
3824,2016-06-17,49409,50191,49405,49534,4248900,49534,125,125
3825,2016-06-20,49539,50782,49539,50329,3487000,50329,790,790
3826,2016-06-21,50326,50870,49678,50838,3349200,50838,512,512
3827,2016-06-22,50835,51239,50060,50156,3632900,50156,-679,-679
3828,2016-06-23,50161,51673,50161,51560,3166800,51560,1399,1399
3829,2016-06-24,51561,51561,49544,50105,4139100,50105,-1456,-1456
3830,2016-06-27,50106,50162,48954,49246,3228500,49246,-860,-860
3831,2016-06-28,49252,50301,49252,50007,3406400,50007,755,755
3832,2016-06-29,50009,51229,50009,51002,3970100,51002,993,993
3833,2016-06-30,51001,51619,50585,51527,4377800,51527,526,526
3834,2016-07-01,51540,52346,51411,52233,4116100,52233,693,693
3835,2016-07-04,52241,52918,52241,52569,2081800,52569,328,328
3836,2016-07-05,52565,52565,51510,51842,3121400,51842,-723,-723
3837,2016-07-06,51842,51909,50825,51902,3277000,51902,60,60
3838,2016-07-07,51902,52719,51888,52015,3712200,52015,113,113
3839,2016-07-08,52020,53166,52020,53141,2995500,53141,1121,1121
3840,2016-07-11,53143,54021,53143,53960,3206300,53960,817,817
3841,2016-07-12,53961,54746,53961,54256,3878700,54256,295,295
3842,2016-07-13,54256,54647,53733,54598,4037100,54598,342,342
3843,2016-07-14,54601,55634,54601,55481,4408500,55481,880,880
3844,2016-07-15,55482,55649,55233,55578,3684500,55578,96,96
3845,2016-07-18,55573,56509,55355,56484,3984500,56484,911,911
3846,2016-07-19,56487,56698,56246,56698,3794000,56698,211,211
3847,2016-07-20,56699,56927,56221,56578,3865800,56578,-121,-121
3848,2016-07-21,56578,56906,56233,56641,3486900,56641,63,63
3849,2016-07-22,56641,57171,56518,57002,2912000,57002,361,361
3850,2016-07-25,57006,57205,56398,56873,3126900,56873,-133,-133
3851,2016-07-26,56876,57309,56708,56783,3351800,56783,-93,-93
3852,2016-07-27,56788,57380,56788,56853,3795700,56853,65,65
3853,2016-07-28,56853,56853,55993,56667,3912600,56667,-186,-186
3854,2016-07-29,56664,57474,56340,57308,4416500,57308,644,644
3855,2016-08-01,57309,57729,56676,56756,4088000,56756,-553,-553
3856,2016-08-02,56756,56974,55696,56162,3857700,56162,-594,-594
3857,2016-08-03,56157,57101,55788,57077,4058600,57077,920,920
3858,2016-08-04,57076,58030,57076,57594,4192000,57594,518,518
3859,2016-08-05,57609,57951,57290,57661,3354600,57661,52,52
3860,2016-08-08,57655,57917,57504,57635,3153800,57635,-20,-20
3861,2016-08-09,57637,58095,57615,57689,3049900,57689,52,52
3862,2016-08-10,57690,57953,56735,56920,3510600,56920,-770,-770
3863,2016-08-11,56925,58308,56923,58300,3905700,58300,1375,1375
3864,2016-08-12,58300,58753,57987,58298,3811800,58298,-2,-2
3865,2016-08-15,58316,59324,58316,59146,3487200,59146,830,830
3866,2016-08-16,59144,59187,58589,58855,3874400,58855,-289,-289
3867,2016-08-17,58847,59324,58081,59324,4179800,59324,477,477
3868,2016-08-18,59324,59418,58829,59166,3608700,59166,-158,-158
3869,2016-08-19,59158,59240,58599,59099,2661700,59099,-59,-59
3870,2016-08-22,59080,59099,57631,57781,3133500,57781,-1299,-1299
3871,2016-08-23,57781,58596,57781,58020,3635900,58020,239,239
3872,2016-08-24,58019,58332,57456,57718,3221400,57718,-301,-301
3873,2016-08-25,57718,58124,57639,57722,2974200,57722,4,4
3874,2016-08-26,57725,58655,57259,57716,3611600,57716,-9,-9
3875,2016-08-29,57717,58957,57642,58610,2759700,58610,893,893
3876,2016-08-30,58610,58882,58293,58575,2729400,58575,-35,-35
3877,2016-08-31,58580,58910,57506,57901,4077700,57901,-679,-679
3878,2016-09-01,57901,58417,57638,58236,3687600,58236,335,335
3879,2016-09-02,58241,59655,58241,59616,3771500,59616,1375,1375
3880,2016-09-05,59616,59986,59402,59566,1824900,59566,-50,-50
3881,2016-09-06,59566,60129,59182,60129,3150500,60129,563,563
3882,2016-09-08,60129,60310,59743,60232,3843900,60232,103,103
3883,2016-09-09,60220,60220,57961,58000,3992900,58000,-2220,-2220
3884,2016-09-12,57998,58595,57511,58586,3529200,58586,588,588
3885,2016-09-13,58580,58580,56459,56821,4377800,56821,-1759,-1759
3886,2016-09-14,56812,57342,56694,57059,3329100,57059,247,247
3887,2016-09-15,57068,58127,57068,57909,2812000,57909,841,841
3888,2016-09-16,57909,57909,56794,57080,3710700,57080,-829,-829
3889,2016-09-19,57083,58025,57083,57350,2691100,57350,267,267
3890,2016-09-20,57356,57902,57356,57736,3001000,57736,380,380
3891,2016-09-21,57736,58575,57326,58394,3889700,58394,658,658
3892,2016-09-22,58408,59462,58408,58994,3365300,58994,586,586
3893,2016-09-23,58992,59131,58409,58697,2809900,58697,-295,-295
3894,2016-09-26,58697,58697,57904,58054,2108800,58054,-643,-643
3895,2016-09-27,58066,58490,57411,58382,2953400,58382,316,316
3896,2016-09-28,58383,59415,58353,59356,3233400,59356,973,973
3897,2016-09-29,59346,59621,58292,58351,3200300,58351,-995,-995
3898,2016-09-30,58350,58900,58271,58367,2858200,58367,17,17
3899,2016-10-03,58370,59549,58367,59461,2774100,59461,1091,1091
3900,2016-10-04,59461,59580,58892,59339,3894600,59339,-122,-122
3901,2016-10-05,59340,60477,59340,60254,3378900,60254,914,914
3902,2016-10-06,60254,60724,60070,60644,3507200,60644,390,390
3903,2016-10-07,60645,61275,60479,61109,4243800,61109,464,464
3904,2016-10-10,61130,61756,61130,61668,2936900,61668,538,538
3905,2016-10-11,61668,61668,60885,61022,3568000,61022,-646,-646
3906,2016-10-13,61020,61329,60243,61119,4952700,61119,99,99
3907,2016-10-14,61120,62039,61120,61767,3691200,61767,647,647
3908,2016-10-17,61768,62696,61719,62696,3340700,62696,928,928
3909,2016-10-18,62701,63937,62701,63782,4390300,63782,1081,1081
3910,2016-10-19,63784,64089,63309,63506,3614000,63506,-278,-278
3911,2016-10-20,63495,63927,62729,63838,3421500,63838,343,343
3912,2016-10-21,63838,64372,63379,64108,3662900,64108,270,270
3913,2016-10-24,64141,64691,63914,64060,3663900,64060,-81,-81
3914,2016-10-25,64059,64266,63248,63866,3918100,63866,-193,-193
3915,2016-10-26,63860,63924,63084,63826,4299200,63826,-34,-34
3916,2016-10-27,63827,64609,63827,64250,3587500,64250,423,423
3917,2016-10-28,64251,64728,63778,64308,3788500,64308,57,57
3918,2016-10-31,64312,65054,64312,64925,3816900,64925,613,613
3919,2016-11-01,64922,65291,63019,63326,4505600,63326,-1596,-1596
3920,2016-11-03,63325,63524,61750,61750,4124000,61750,-1575,-1575
3921,2016-11-04,61749,62699,61491,61598,3972500,61598,-151,-151
3922,2016-11-07,61601,64193,61601,64052,3325900,64052,2451,2451
3923,2016-11-08,64052,64767,63381,64158,3265100,64158,106,106
3924,2016-11-09,64157,64358,61794,63258,5630100,63258,-899,-899
3925,2016-11-10,63261,63903,60553,61201,7623700,61201,-2060,-2060
3926,2016-11-11,61199,61626,58921,59184,7572800,59184,-2015,-2015
3927,2016-11-14,59183,59961,58322,59657,5408500,59657,474,474
3928,2016-11-16,59658,60915,59364,60759,4582900,60759,1101,1101
3929,2016-11-17,60763,61493,59746,59770,3531300,59770,-993,-993
3930,2016-11-18,59770,60193,59327,59962,3462400,59962,192,192
3931,2016-11-21,59963,61070,59963,61070,3520100,61070,1107,1107
3932,2016-11-22,61072,62550,61072,61954,3987100,61954,882,882
3933,2016-11-23,61956,62046,61234,61986,3489700,61986,30,30
3934,2016-11-24,61999,62105,61392,61396,1647100,61396,-603,-603
3935,2016-11-25,61394,61559,60573,61559,2653700,61559,165,165
3936,2016-11-28,61559,62934,61240,62855,2752000,62855,1296,1296
3937,2016-11-29,62859,62859,60980,60987,3423900,60987,-1872,-1872
3938,2016-11-30,60994,62590,60994,61906,4587300,61906,912,912
3939,2016-12-01,61906,61911,59058,59507,5352800,59507,-2399,-2399
3940,2016-12-02,59499,60379,58092,60316,4344200,60316,817,817
3941,2016-12-05,60322,60720,59635,59832,2861200,59832,-490,-490
3942,2016-12-06,59828,61235,59396,61088,3606500,61088,1260,1260
3943,2016-12-07,61111,61918,61062,61414,3841700,61414,303,303
3944,2016-12-08,61430,61936,60499,60677,2936600,60677,-753,-753
3945,2016-12-09,60688,61129,60316,60501,3339800,60501,-187,-187
3946,2016-12-12,60517,60517,59035,59179,3244400,59179,-1338,-1338
3947,2016-12-13,59178,59946,58758,59281,3589100,59281,103,103
3948,2016-12-14,59280,59338,58212,58212,3857000,58212,-1068,-1068
3949,2016-12-15,58214,58635,57575,58396,3569400,58396,182,182
3950,2016-12-16,58398,59312,58365,58389,3683900,58389,-9,-9
3951,2016-12-19,58390,58600,57109,57111,3396500,57111,-1279,-1279
3952,2016-12-20,57116,57918,57038,57583,2673400,57583,467,467
3953,2016-12-21,57583,58049,57221,57647,2461900,57647,64,64
3954,2016-12-22,57646,57646,56829,57255,2809800,57255,-391,-391
3955,2016-12-23,57255,58143,57255,57937,2155400,57937,682,682
3956,2016-12-26,57941,58781,57941,58620,680200,58620,679,679
3957,2016-12-27,58627,59068,58402,58697,1624700,58697,70,70
3958,2016-12-28,58688,59911,58688,59782,1960500,59782,1094,1094
3959,2016-12-29,59782,60248,59278,60227,2119500,60227,445,445
3960,2017-01-02,60227,60227,59371,59589,808700,59589,-638,-638
3961,2017-01-03,59631,61815,59631,61814,3328300,61814,2183,2183
3962,2017-01-04,61811,61940,61302,61589,2840800,61589,-222,-222
3963,2017-01-05,61594,62409,61594,62071,3313000,62071,477,477
3964,2017-01-06,62072,62072,61396,61665,2374800,61665,-407,-407
3965,2017-01-09,61680,62112,61307,61700,2480800,61700,20,20
3966,2017-01-10,61710,62446,61710,62132,2623400,62132,422,422
3967,2017-01-11,62134,62674,61665,62446,3139800,62446,312,312
3968,2017-01-12,62448,64342,62448,63954,4535000,63954,1506,1506
3969,2017-01-13,63940,64092,63366,63652,2735500,63652,-288,-288
3970,2017-01-16,63652,64014,63556,63831,1763700,63831,179,179
3971,2017-01-17,63827,64658,63456,64354,2933800,64354,527,527
3972,2017-01-18,64360,64680,64063,64150,3008900,64150,-210,-210
3973,2017-01-19,64145,64456,63574,63951,2867100,63951,-194,-194
3974,2017-01-20,63951,64694,63951,64521,3416700,64521,570,570
3975,2017-01-23,64519,65816,64500,65749,2957000,65749,1230,1230
3976,2017-01-24,65752,66173,65615,65840,3850500,65840,88,88
3977,2017-01-26,65842,66594,65842,66191,3494100,66191,349,349
3978,2017-01-27,66195,66242,65876,66034,2583400,66034,-161,-161
3979,2017-01-30,66025,66025,64165,64302,2264300,64302,-1723,-1723
3980,2017-01-31,64310,64901,64284,64671,2737700,64671,361,361
3981,2017-02-01,64687,65594,64687,64836,3214300,64836,149,149
3982,2017-02-02,64835,65132,64163,64578,2959200,64578,-257,-257
3983,2017-02-03,64579,65387,64264,64954,3482700,64954,375,375
3984,2017-02-06,64957,65327,63933,63993,2551400,63993,-964,-964
3985,2017-02-07,64022,64815,63938,64199,2776200,64199,177,177
3986,2017-02-08,64200,64835,63740,64835,3138600,64835,635,635
3987,2017-02-09,64850,65302,64587,64965,2641700,64965,115,115
3988,2017-02-10,64965,66292,64935,66125,3439000,66125,1160,1160
3989,2017-02-13,66125,67094,66125,66968,3108800,66968,843,843
3990,2017-02-14,66971,67110,66251,66713,3370900,66713,-258,-258
3991,2017-02-15,66712,68016,66712,67976,4119600,67976,1264,1264
3992,2017-02-16,67979,68456,67661,67814,3550800,67814,-165,-165
3993,2017-02-17,67814,67819,67158,67748,2787300,67748,-66,-66
3994,2017-02-20,67756,68674,67756,68533,2171300,68533,777,777
3995,2017-02-21,68536,69112,68536,69052,3051100,69052,516,516
3996,2017-02-22,69052,69052,68282,68590,3374600,68590,-462,-462
3997,2017-02-23,68590,69488,67279,67461,3977800,67461,-1129,-1129
3998,2017-02-24,67458,67458,66452,66662,3059900,66662,-796,-796
3999,2017-03-01,66661,67398,66661,66989,2378500,66989,328,328
4000,2017-03-02,67000,67035,65594,65855,3095300,65855,-1145,-1145
4001,2017-03-03,65860,66801,65860,66786,2654400,66786,926,926
4002,2017-03-06,66786,66892,66119,66341,3337500,66341,-445,-445
4003,2017-03-07,66343,66641,65668,65742,2886200,65742,-601,-601
4004,2017-03-08,65748,65810,64496,64718,3727200,64718,-1030,-1030
4005,2017-03-09,64718,65068,64203,64585,3513300,64585,-133,-133
4006,2017-03-10,64586,65725,64472,64675,3432900,64675,89,89
4007,2017-03-13,64674,65651,64674,65534,2162800,65534,860,860
4008,2017-03-14,65511,65549,64699,64699,2824800,64699,-812,-812
4009,2017-03-15,64702,66318,64537,66235,3742100,66235,1533,1533
4010,2017-03-16,66232,66554,65531,65783,2860400,65783,-449,-449
4011,2017-03-17,65783,66205,64152,64210,5213000,64210,-1573,-1573
4012,2017-03-20,64232,65136,63672,64884,3613900,64884,652,652
4013,2017-03-21,64884,64965,62795,62980,3700200,62980,-1904,-1904
4014,2017-03-22,62980,63747,62496,63521,4063300,63521,541,541
4015,2017-03-23,63521,63942,62840,63531,3447400,63531,10,10
4016,2017-03-24,63554,63997,63469,63854,2571200,63854,300,300
4017,2017-03-27,63829,64356,63030,64308,2672800,64308,479,479
4018,2017-03-28,64308,64847,64042,64640,3359100,64640,332,332
4019,2017-03-29,64636,65551,64476,65528,3488200,65528,892,892
4020,2017-03-30,65541,65775,65070,65266,2335700,65266,-275,-275
4021,2017-03-31,65266,65597,64859,64984,2614200,64984,-282,-282
4022,2017-04-03,64989,65384,64774,65211,2858500,65211,222,222
4023,2017-04-04,65212,65775,64990,65769,2085300,65769,557,557
4024,2017-04-05,65770,66211,64493,64775,2982200,64775,-995,-995
4025,2017-04-06,64775,64921,63762,64223,2875000,64223,-552,-552
4026,2017-04-07,64202,65197,64016,64593,2853100,64593,391,391
4027,2017-04-10,64593,64928,64115,64650,2984000,64650,57,57
4028,2017-04-11,64650,64872,63351,64360,3178400,64360,-290,-290
4029,2017-04-12,64362,64456,63814,63892,4253500,63892,-470,-470
4030,2017-04-13,63891,63992,62826,62826,3212900,62826,-1065,-1065
4031,2017-04-17,62828,64424,62828,64335,0,64335,1507,1507
4032,2017-04-18,64336,64591,63717,64159,3144800,64159,-177,-177
4033,2017-04-19,64165,64572,63219,63407,3069500,63407,-758,-758
4034,2017-04-20,63406,64163,63388,63761,2899700,63761,355,355
4035,2017-04-24,63761,64754,63761,64389,3194100,64389,628,628
4036,2017-04-25,64384,65148,63875,65148,3037200,65148,764,764
4037,2017-04-26,65144,65436,64679,64862,3221600,64862,-282,-282
4038,2017-04-27,64872,65327,64292,64677,3112100,64677,-195,-195
4039,2017-04-28,64679,65403,64592,65403,2973700,65403,724,724
4040,2017-05-02,65404,66877,65404,66722,3497000,66722,1318,1318
4041,2017-05-03,66720,66758,65898,66094,3446400,66094,-626,-626
4042,2017-05-04,66069,66099,64721,64863,3779900,64863,-1206,-1206
4043,2017-05-05,64869,65768,64863,65710,2760000,65710,841,841
4044,2017-05-08,65705,66015,65295,65526,2273300,65526,-179,-179
4045,2017-05-09,65533,66536,65533,66278,2679100,66278,745,745
4046,2017-05-10,66284,67528,66284,67350,3174100,67350,1066,1066
4047,2017-05-11,67355,67709,67191,67538,2872600,67538,183,183
4048,2017-05-12,67536,68429,67536,68222,3822600,68222,686,686
4049,2017-05-15,68227,68593,68081,68474,3290300,68474,247,247
4050,2017-05-16,68473,68792,68124,68684,3672400,68684,211,211
4051,2017-05-17,68674,68674,67163,67540,3317200,67540,-1134,-1134
4052,2017-05-18,67536,67536,60315,61597,11046700,61597,-5939,-5939
4053,2017-05-19,61597,63488,61597,62639,6120800,62639,1042,1042
4054,2017-05-22,62638,62638,60925,61673,5815800,61673,-965,-965
4055,2017-05-23,61670,62775,61670,62662,4753500,62662,992,992
4056,2017-05-24,62673,64016,62673,63257,4181200,63257,584,584
4057,2017-05-25,63256,63991,62762,63227,4001000,63227,-29,-29
4058,2017-05-26,63228,64170,63228,64085,3849400,64085,857,857
4059,2017-05-29,64055,64055,63531,63761,1646300,63761,-294,-294
4060,2017-05-30,63765,64107,63720,63962,2235300,63962,197,197
4061,2017-05-31,63961,63984,62673,62711,4535100,62711,-1250,-1250
4062,2017-06-01,62711,63293,62165,62289,3370200,62289,-422,-422
4063,2017-06-02,62289,62773,62161,62511,2874500,62511,222,222
4064,2017-06-05,62503,62800,62010,62450,2421700,62450,-53,-53
4065,2017-06-06,62450,63302,62426,62955,2993300,62955,505,505
4066,2017-06-07,62955,63637,62912,63171,2892300,63171,216,216
4067,2017-06-08,63171,63171,62376,62756,2702400,62756,-415,-415
4068,2017-06-09,62755,63066,62095,62211,3099900,62211,-544,-544
4069,2017-06-12,62219,62286,61279,61700,3026600,61700,-519,-519
4070,2017-06-13,61708,62012,61510,61829,2469100,61829,121,121
4071,2017-06-14,61831,62475,61508,61923,4328500,61923,92,92
4072,2017-06-16,61911,61921,61269,61626,5088000,61626,-285,-285
4073,2017-06-19,61620,62272,61620,62014,2752600,62014,394,394
4074,2017-06-20,62011,62011,60766,60766,3956200,60766,-1245,-1245
4075,2017-06-21,60783,61188,60544,60762,3274700,60762,-21,-21
4076,2017-06-22,60762,61354,60758,61272,3066900,61272,510,510
4077,2017-06-23,61272,61400,60992,61087,2836700,61087,-185,-185
4078,2017-06-26,61088,62251,61088,62188,2599200,62188,1100,1100
4079,2017-06-27,62188,62424,61580,61675,3275700,61675,-513,-513
4080,2017-06-28,61684,62057,61433,62018,2719100,62018,334,334
4081,2017-06-29,62010,62499,61689,62239,2915500,62239,229,229
4082,2017-06-30,62238,63038,62238,62900,2688200,62900,662,662
4083,2017-07-03,62901,63338,62901,63280,2086300,63280,379,379
4084,2017-07-04,63268,63346,63076,63232,950700,63232,-36,-36
4085,2017-07-05,63215,63485,62708,63154,3169900,63154,-61,-61
4086,2017-07-06,63156,63188,62354,62470,3038700,62470,-686,-686
4087,2017-07-07,62474,62926,62035,62322,2894200,62322,-152,-152
4088,2017-07-10,62322,63135,62322,63025,2224000,63025,703,703
4089,2017-07-11,63027,63891,62908,63832,2566700,63832,805,805
4090,2017-07-12,63840,64938,63827,64836,4116300,64836,996,996
4091,2017-07-13,64854,65302,64854,65178,3121700,65178,324,324
4092,2017-07-14,65178,65624,65178,65436,2711600,65436,258,258
4093,2017-07-17,65431,65478,65119,65212,2255300,65212,-219,-219
4094,2017-07-18,65208,65338,64943,65338,2213500,65338,130,130
4095,2017-07-19,65337,65604,64874,65180,2622700,65180,-157,-157
4096,2017-07-20,65178,65505,64898,64938,2252900,64938,-240,-240
4097,2017-07-21,64936,65150,64599,64684,2125500,64684,-252,-252
4098,2017-07-24,64695,65104,64678,65100,1908900,65100,405,405
4099,2017-07-25,65101,65749,65101,65668,2737400,65668,567,567
4100,2017-07-26,65668,65873,64992,65011,2942300,65011,-657,-657
4101,2017-07-27,65013,65678,65013,65277,2483900,65277,264,264
4102,2017-07-28,65253,65497,64953,65497,2760700,65497,244,244
4103,2017-07-31,65503,66048,65503,65920,2572700,65920,417,417
4104,2017-08-01,65925,66606,65925,66516,2762600,66516,591,591
4105,2017-08-02,66504,67277,66305,67136,3713700,67136,632,632
4106,2017-08-03,67136,67256,66705,66777,2722400,66777,-359,-359
4107,2017-08-04,66783,67104,66525,66898,2370900,66898,115,115
4108,2017-08-07,66898,68043,66887,67940,2996800,67940,1042,1042
4109,2017-08-08,67936,68500,67671,67899,3134300,67899,-37,-37
4110,2017-08-09,67894,67894,67290,67671,2488000,67671,-223,-223
4111,2017-08-10,67671,67671,66650,66992,2820800,66992,-679,-679
4112,2017-08-11,66992,67623,66678,67359,2890000,67359,367,367
4113,2017-08-14,67364,68642,67226,68285,2827300,68285,921,921
4114,2017-08-15,68296,68846,68293,68355,2753200,68355,59,59
4115,2017-08-16,68356,68950,68304,68594,3753400,68594,238,238
4116,2017-08-17,68596,68596,67866,67977,2661800,67977,-619,-619
4117,2017-08-18,67990,68808,67979,68715,3464800,68715,725,725
4118,2017-08-21,68713,69068,68514,68635,2643300,68635,-78,-78
4119,2017-08-22,68645,70278,68645,70011,3907500,70011,1366,1366
4120,2017-08-23,70011,70587,69947,70478,3348400,70478,467,467
4121,2017-08-24,70482,71238,70482,71133,3113000,71133,651,651
4122,2017-08-25,71138,71506,70801,71074,2411000,71074,-64,-64
4123,2017-08-28,71074,71390,70909,71017,2196400,71017,-57,-57
4124,2017-08-29,71005,71330,70517,71330,2274700,71330,325,325
4125,2017-08-30,71328,71454,70755,70886,2663200,70886,-442,-442
4126,2017-08-31,70887,71234,70516,70835,4245100,70835,-52,-52
4127,2017-09-01,70848,72217,70846,71923,3880900,71923,1075,1075
4128,2017-09-04,71921,72141,71671,72129,1998000,72129,208,208
4129,2017-09-05,72134,73180,71827,72151,4230900,72151,17,17
4130,2017-09-06,72157,73608,72157,73412,4242500,73412,1255,1255
4131,2017-09-08,73413,73646,72925,73079,3114100,73079,-334,-334
4132,2017-09-11,73096,74636,73096,74319,3283100,74319,1223,1223
4133,2017-09-12,74322,75332,74294,74539,3591700,74539,217,217
4134,2017-09-13,74543,75146,74196,74788,3212500,74788,245,245
4135,2017-09-14,74787,74949,74397,74657,3206100,74657,-130,-130
4136,2017-09-15,74656,75820,74648,75757,4825000,75757,1101,1101
4137,2017-09-18,75758,76404,75621,75990,3437400,75990,232,232
4138,2017-09-19,75990,76071,75300,75974,3026100,75974,-16,-16
4139,2017-09-20,75974,76420,75074,76004,3890900,76004,30,30
4140,2017-09-21,76014,76251,75282,75604,3228500,75604,-410,-410
4141,2017-09-22,75618,75734,75029,75390,2801700,75390,-228,-228
4142,2017-09-25,75381,75470,74303,74443,3376500,74443,-938,-938
4143,2017-09-26,74443,74971,74319,74319,3565400,74319,-124,-124
4144,2017-09-27,74358,74744,73125,73797,3788600,73797,-561,-561
4145,2017-09-28,73808,74011,73277,73567,3082900,73567,-241,-241
4146,2017-09-29,73571,74518,73571,74294,3126600,74294,723,723
4147,2017-10-02,74295,74506,73845,74360,2512000,74360,65,65
4148,2017-10-03,74363,76763,74363,76763,3816900,76763,2400,2400
4149,2017-10-04,76763,77004,76422,76591,3119500,76591,-172,-172
4150,2017-10-05,76592,78024,76592,76618,4112900,76618,26,26
4151,2017-10-06,76618,76618,75603,76055,2994300,76055,-563,-563
4152,2017-10-09,76055,76067,75181,75727,2335300,75727,-328,-328
4153,2017-10-10,75745,76996,75745,76897,3489200,76897,1152,1152
4154,2017-10-11,76910,76985,76323,76660,3781500,76660,-250,-250
4155,2017-10-13,76659,77319,76659,76990,3200100,76990,331,331
4156,2017-10-16,76985,77382,76565,76892,3075600,76892,-93,-93
4157,2017-10-17,76892,76892,76046,76201,2771100,76201,-691,-691
4158,2017-10-18,76211,76730,76012,76591,3156800,76591,380,380
4159,2017-10-19,76591,76591,75366,76283,2509800,76283,-308,-308
4160,2017-10-20,76291,76971,76291,76391,2645300,76391,100,100
4161,2017-10-23,76398,76498,75315,75413,2631800,75413,-985,-985
4162,2017-10-24,75426,76420,75426,76350,3047500,76350,924,924
4163,2017-10-25,76350,76883,75404,76671,2953800,76671,321,321
4164,2017-10-26,76671,77061,75813,75896,2901100,75896,-775,-775
4165,2017-10-27,75898,76617,75601,75976,3434400,75976,78,78
4166,2017-10-30,75973,75973,74305,74800,3811600,74800,-1173,-1173
4167,2017-10-31,74798,75142,74145,74308,3545700,74308,-490,-490
4168,2017-11-01,74310,75199,73823,73824,3668100,73824,-486,-486
4169,2017-11-03,73834,74254,73094,73915,4386900,73915,81,81
4170,2017-11-06,73911,74445,73830,74311,3297400,74311,400,400
4171,2017-11-07,74306,74306,72386,72415,4888900,72415,-1891,-1891
4172,2017-11-08,72468,74481,72468,74363,3408800,74363,1895,1895
4173,2017-11-09,74363,74363,72795,72931,3303800,72931,-1432,-1432
4174,2017-11-10,72932,73019,71920,72166,3140100,72166,-766,-766
4175,2017-11-13,72167,72735,71776,72475,2783400,72475,308,308
4176,2017-11-14,72442,72838,70825,70827,4352600,70827,-1615,-1615
4177,2017-11-15,72442,72838,70825,70827,0,70827,-1615,-1615
4178,2017-11-16,70827,72896,70827,72512,3340900,72512,1685,1685
4179,2017-11-17,72512,73632,72390,73437,2749700,73437,925,925
4180,2017-11-21,73439,75073,73439,74595,3539600,74595,1156,1156
4181,2017-11-22,74611,75019,74242,74519,3410600,74519,-92,-92
4182,2017-11-23,74519,74578,73851,74487,1556800,74487,-32,-32
4183,2017-11-24,74503,74542,74093,74157,2510300,74157,-346,-346
4184,2017-11-27,74157,74157,73159,74059,2810800,74059,-98,-98
4185,2017-11-28,74060,74989,74056,74140,3030700,74140,80,80
4186,2017-11-29,74146,74515,72700,72700,3639400,72700,-1446,-1446
4187,2017-11-30,72700,72700,71215,71971,5348800,71971,-729,-729
4188,2017-12-01,71955,72472,71488,72264,3003100,72264,309,309
4189,2017-12-04,72266,73749,72266,73090,3038600,73090,824,824
4190,2017-12-05,73090,74166,72319,72546,2913300,72546,-544,-544
4191,2017-12-06,72535,73418,71906,73268,3099300,73268,733,733
4192,2017-12-07,73268,73268,71356,72487,3260800,72487,-781,-781
4193,2017-12-08,72489,73425,72489,72732,3085600,72732,243,243
4194,2017-12-11,72775,73361,72498,72800,2450200,72800,25,25
4195,2017-12-12,72800,73814,71798,73814,2956100,73814,1014,1014
4196,2017-12-13,73827,74622,72569,72914,4494700,72914,-913,-913
4197,2017-12-14,72913,72913,71969,72429,3491800,72429,-484,-484
4198,2017-12-15,72428,73069,72277,72608,4659500,72608,180,180
4199,2017-12-18,72621,73519,72621,73115,3202900,73115,494,494
4200,2017-12-19,73122,73139,72347,72680,2351600,72680,-442,-442
4201,2017-12-20,72680,73492,72680,73367,2219600,73367,687,687
4202,2017-12-21,73367,75133,73265,75133,3056400,75133,1766,1766
4203,2017-12-22,75128,75227,74623,75187,1906900,75187,59,59
4204,2017-12-26,75187,75758,74924,75688,1579700,75688,501,501
4205,2017-12-27,75708,76293,75708,76073,1792200,76073,365,365
4206,2017-12-28,76077,76437,76077,76402,2083000,76402,325,325
4207,2017-12-29,76077,76437,76077,76402,0,76402,325,325
4208,2018-01-02,76403,77909,76403,77891,2880300,77891,1488,1488
4209,2018-01-03,77889,78414,77602,77995,3142200,77995,106,106
4210,2018-01-04,77998,79135,77998,78647,3486100,78647,649,649
4211,2018-01-05,78644,79071,78218,79071,2747100,79071,427,427
4212,2018-01-08,79070,79395,78631,79379,2550800,79379,309,309
4213,2018-01-09,79379,79415,78699,78864,3458600,78864,-515,-515
4214,2018-01-10,78864,78864,78164,78201,2759900,78201,-663,-663
4215,2018-01-11,78201,79365,78201,79365,3409400,79365,1164,1164
4216,2018-01-12,79365,79440,78861,79349,3577800,79349,-16,-16
4217,2018-01-15,79349,79847,79349,79752,1941000,79752,403,403
4218,2018-01-16,79751,80246,79668,79832,2982500,79832,81,81
4219,2018-01-17,79832,81189,79828,81189,3341200,81189,1357,1357
4220,2018-01-18,81185,81367,80498,80963,3429600,80963,-222,-222
4221,2018-01-19,80965,81429,80854,81220,3123200,81220,255,255
4222,2018-01-22,81220,81675,80923,81675,2693000,81675,455,455
4223,2018-01-23,81676,81676,80524,80678,3711200,80678,-998,-998
4224,2018-01-24,80679,83680,80679,83680,5503700,83680,3001,3001
4225,2018-01-25,80679,83680,80679,83680,0,83680,3001,3001
4226,2018-01-26,83680,85531,83680,85531,5410600,85531,1851,1851
4227,2018-01-29,85531,85531,84341,84698,3889600,84698,-833,-833
4228,2018-01-30,84697,84697,83804,84482,3566000,84482,-215,-215
4229,2018-01-31,84485,86213,84484,84913,4233500,84913,428,428
4230,2018-02-01,84913,86028,84833,85495,4085300,85495,582,582
4231,2018-02-02,85495,85495,83831,84041,3376900,84041,-1454,-1454
4232,2018-02-05,84040,84311,81861,81861,3253600,81861,-2179,-2179
4233,2018-02-06,81857,84162,80804,83894,5599100,83894,2037,2037
4234,2018-02-07,83894,84410,82548,82767,3886000,82767,-1127,-1127
4235,2018-02-08,82773,83501,81109,81533,4011400,81533,-1240,-1240
4236,2018-02-09,81532,81897,79690,80899,4283400,80899,-633,-633
4237,2018-02-14,80901,83782,80901,83543,3910700,83543,2642,2642
4238,2018-02-15,83551,84686,83551,84291,3489300,84291,740,740
4239,2018-02-16,84291,84575,83824,84525,3475800,84525,234,234
4240,2018-02-19,84525,84956,84525,84793,2088900,84793,268,268
4241,2018-02-20,84792,86290,84261,85804,4078100,85804,1012,1012
4242,2018-02-21,85804,87358,85804,86052,4815500,86052,248,248
4243,2018-02-22,86050,87159,86050,86686,3535700,86686,636,636
4244,2018-02-23,86690,87345,86138,87293,4178600,87293,603,603
4245,2018-02-26,87296,88318,87242,87653,4047100,87653,357,357
4246,2018-02-27,87649,87839,86613,86935,3534700,86935,-714,-714
4247,2018-02-28,86939,87109,85431,85481,5947100,85481,-1458,-1458
4248,2018-03-01,85337,86260,84640,85378,4341300,85378,41,41
4249,2018-03-02,85378,85761,83897,85761,3884300,85761,383,383
4250,2018-03-05,85292,86165,85053,86023,3425200,86023,731,731
4251,2018-03-06,86023,86931,85653,85653,3608600,85653,-370,-370
4252,2018-03-07,85653,85653,84397,85484,3456800,85484,-169,-169
4253,2018-03-08,85510,85830,84491,84985,3694700,84985,-525,-525
4254,2018-03-09,84987,86389,84749,86371,3481500,86371,1384,1384
4255,2018-03-12,86386,87046,86386,86900,2602900,86900,514,514
4256,2018-03-13,86902,87333,86119,86384,2735800,86384,-518,-518
4257,2018-03-14,86383,86970,85691,86051,2561000,86051,-332,-332
4258,2018-03-15,86051,86051,84720,84928,3840100,84928,-1123,-1123
4259,2018-03-16,84928,85495,84525,84886,5446200,84886,-42,-42
4260,2018-03-19,84886,84886,83678,83913,3330600,83913,-973,-973
4261,2018-03-20,83919,84412,83682,84164,2682000,84164,245,245
4262,2018-03-21,84166,85145,84080,84977,3260900,84977,811,811
4263,2018-03-22,84984,85499,84197,84768,3241700,84768,-216,-216
4264,2018-03-23,84766,85450,84042,84377,3176900,84377,-389,-389
4265,2018-03-26,84377,85553,84357,85088,2355600,85088,711,711
4266,2018-03-27,85103,85296,83542,83808,2948400,83808,-1295,-1295
4267,2018-03-28,83806,83889,82889,83874,2911400,83874,68,68
4268,2018-03-29,83874,85708,83874,85366,3150300,85366,1492,1492
4269,2018-04-02,85365,85675,84166,84666,2598500,84666,-699,-699
4270,2018-04-03,84669,85411,84210,84623,2579000,84623,-46,-46
4271,2018-04-04,84610,84610,82826,84360,2948300,84360,-250,-250
4272,2018-04-05,84374,86148,84374,85210,4257700,85210,836,836
4273,2018-04-06,85210,85210,83833,84820,3069100,84820,-390,-390
4274,2018-04-09,84832,85110,83155,83307,3174800,83307,-1525,-1525
4275,2018-04-10,83312,84538,83312,84510,3518700,84510,1198,1198
4276,2018-04-11,84494,85417,84340,85246,3370600,85246,752,752
4277,2018-04-12,85246,85577,85025,85444,2837000,85444,198,198
4278,2018-04-13,85441,85441,84144,84334,3504200,84334,-1107,-1107
4279,2018-04-16,84328,84591,82762,82862,2913400,82862,-1466,-1466
4280,2018-04-17,82862,84191,82810,84086,2628600,84086,1224,1224
4281,2018-04-18,84090,86149,84090,85776,4196900,85776,1686,1686
4282,2018-04-19,85775,86059,85197,85824,3522500,85824,49,49
4283,2018-04-20,85823,85823,85025,85550,2990100,85550,-273,-273
4284,2018-04-23,85520,85746,84711,85602,2426000,85602,82,82
4285,2018-04-24,85603,86578,85106,85469,2845000,85469,-134,-134
4286,2018-04-25,85466,85466,84349,85044,3218400,85044,-422,-422
4287,2018-04-26,85051,86383,85051,86383,3138000,86383,1332,1332
4288,2018-04-27,86383,87179,86262,86445,0,86445,62,62
4289,2018-04-30,86443,86739,85979,86115,2181000,86115,-328,-328
4290,2018-05-02,86111,86111,84383,84547,3720600,84547,-1564,-1564
4291,2018-05-03,84547,84562,83178,83288,3977800,83288,-1259,-1259
4292,2018-05-04,83286,83671,82746,83118,3472900,83118,-168,-168
4293,2018-05-07,83199,83643,82602,82714,2843000,82714,-485,-485
4294,2018-05-08,82715,83409,82201,82956,3949500,82956,241,241
4295,2018-05-09,82977,84447,82855,84265,4695400,84265,1288,1288
4296,2018-05-10,84284,86201,84284,85861,4611100,85861,1577,1577
4297,2018-05-11,85861,86406,85183,85220,4379700,85220,-641,-641
4298,2018-05-14,85222,86105,84688,85232,4080700,85232,10,10
4299,2018-05-15,85225,85231,83830,85130,4405100,85130,-95,-95
4300,2018-05-16,85122,86678,85044,86537,3707000,86537,1415,1415
4301,2018-05-17,86537,86537,83377,83622,5508600,83622,-2915,-2915
4302,2018-05-18,83614,83614,81391,83082,5730200,83082,-532,-532
4303,2018-05-21,83095,83883,81576,81815,4242200,81815,-1280,-1280
4304,2018-05-22,81817,83396,81613,82739,4785500,82739,922,922
4305,2018-05-23,82742,82742,80867,80867,3875500,80867,-1875,-1875
4306,2018-05-24,80860,80860,79027,80122,6182200,80122,-738,-738
4307,2018-05-25,80123,80629,78622,78898,4650100,78898,-1225,-1225
4308,2018-05-28,78886,78886,75337,75356,4176200,75356,-3530,-3530
4309,2018-05-29,75361,77214,75361,76072,5972300,76072,711,711
4310,2018-05-30,76058,77097,75515,76754,7442100,76754,696,696
4311,2018-06-01,76779,78169,75524,77240,6044400,77240,461,461
4312,2018-06-04,77244,78637,77244,78596,4023100,78596,1352,1352
4313,2018-06-05,78595,78892,76412,76642,4499800,76642,-1953,-1953
4314,2018-06-06,76641,76967,75518,76117,4871700,76117,-524,-524
4315,2018-06-07,76117,76117,71162,73851,7919200,73851,-2266,-2266
4316,2018-06-08,73848,74031,71679,72942,5952400,72942,-906,-906
4317,2018-06-11,72943,73716,71843,72308,3564300,72308,-635,-635
4318,2018-06-12,72308,73322,72124,72754,3889600,72754,446,446
4319,2018-06-13,72757,72977,71035,72122,4360200,72122,-635,-635
4320,2018-06-14,72151,72708,71344,71421,4281600,71421,-730,-730
4321,2018-06-15,71421,71421,69583,70758,6456800,70758,-663,-663
4322,2018-06-18,70757,70757,69360,69815,3475200,69815,-942,-942
4323,2018-06-19,69811,72010,69069,71394,5185300,71394,1583,1583
4324,2018-06-20,71397,72617,71155,72123,4414600,72123,726,726
4325,2018-06-21,72117,72207,70019,70075,3490800,70075,-2042,-2042
4326,2018-06-22,70077,71058,69907,70641,3054700,70641,564,564
4327,2018-06-25,70642,71323,69779,70953,3346300,70953,311,311
4328,2018-06-26,70968,71622,70203,71405,3502300,71405,437,437
4329,2018-06-27,71405,72032,70134,70609,3588900,70609,-796,-796
4330,2018-06-28,70609,72092,70439,71767,3511400,71767,1158,1158
4331,2018-06-29,71779,73020,71779,72763,3879400,72763,984,984
4332,2018-07-02,72763,72840,71935,72840,2753900,72840,77,77
4333,2018-07-03,72848,74515,72848,73668,3253800,73668,820,820
4334,2018-07-04,73667,74904,73450,74743,2142100,74743,1076,1076
4335,2018-07-05,74751,75127,73756,74553,3562800,74553,-198,-198
4336,2018-07-06,74558,75065,74048,75010,0,75010,452,452
4337,2018-07-10,75015,75895,74431,74862,3901000,74862,-153,-153
4338,2018-07-11,74862,75025,74196,74399,3766800,74399,-463,-463
4339,2018-07-12,74403,75898,74403,75856,3508500,75856,1453,1453
4340,2018-07-13,75856,76682,75554,76594,0,76594,738,738
4341,2018-07-16,76587,76924,76129,76653,3134700,76653,66,66
4342,2018-07-17,76653,78522,76482,78130,3882900,78130,1477,1477
4343,2018-07-18,78124,78496,77164,77363,3394300,77363,-761,-761
4344,2018-07-19,77360,77487,75890,77487,3781100,77487,127,127
4345,2018-07-20,77500,79489,77500,78571,4745200,78571,1071,1071
4346,2018-07-23,78571,78639,77871,77996,2446800,77996,-575,-575
4347,2018-07-24,78005,79497,78005,79155,3283200,79155,1150,1150
4348,2018-07-25,79154,80437,79154,80218,3472700,80218,1064,1064
4349,2018-07-26,80242,80589,79081,79405,3596500,79405,-837,-837
4350,2018-07-27,79405,80251,79405,79866,3015600,79866,461,461
4351,2018-07-30,79866,80492,79699,80276,2631400,80276,410,410
4352,2018-07-31,80279,80279,79016,79220,3354500,79220,-1059,-1059
4353,2018-08-01,79213,79731,78769,79302,3227100,79302,89,89
4354,2018-08-02,79237,79896,78573,79637,3005500,79637,400,400
4355,2018-08-03,79656,81792,79656,81435,3802600,81435,1779,1779
4356,2018-08-06,81445,81765,80965,81051,2516600,81051,-394,-394
4357,2018-08-07,81093,81742,79923,80347,3861200,80347,-746,-746
4358,2018-08-08,80347,80912,78966,79152,3833800,79152,-1195,-1195
4359,2018-08-09,79171,79461,78156,78768,3717400,78768,-403,-403
4360,2018-08-10,78766,78766,76043,76514,0,76514,-2252,-2252
4361,2018-08-13,76513,77689,75931,77496,3958200,77496,983,983
4362,2018-08-14,77499,78742,77499,78602,3713000,78602,1103,1103
4363,2018-08-15,78614,78618,76829,77078,4386400,77078,-1536,-1536
4364,2018-08-16,77085,77704,76381,76819,3285400,76819,-266,-266
4365,2018-08-17,76817,76817,75633,76029,3742300,76029,-788,-788
4366,2018-08-20,76029,76497,75608,76328,3578100,76328,299,299
4367,2018-08-21,76327,76340,74915,75180,4077000,75180,-1147,-1147
4368,2018-08-22,75171,76904,74876,76902,3610400,76902,1731,1731
4369,2018-08-23,76898,77232,75466,75634,3866700,75634,-1264,-1264
4370,2018-08-24,75647,76629,75647,76262,3159900,76262,615,615
4371,2018-08-27,76264,78008,76264,77930,2750600,77930,1666,1666
4372,2018-08-28,77928,78038,77149,77473,2964800,77473,-455,-455
4373,2018-08-29,77472,78783,77399,78389,3127600,78389,917,917
4374,2018-08-30,78389,78389,76372,76404,3546800,76404,-1985,-1985
4375,2018-08-31,76386,77202,76026,76678,4145600,76678,292,292
4376,2018-09-03,76675,76675,75729,76193,1673300,76193,-482,-482
4377,2018-09-04,76192,76192,74605,74712,3162300,74712,-1480,-1480
4378,2018-09-05,74712,75370,74276,75092,2830400,75092,380,380
4379,2018-09-06,75098,76533,74986,76416,3298500,76416,1318,1318
4380,2018-09-10,76416,77293,76115,76436,3105200,76436,20,20
4381,2018-09-11,76437,76437,74275,74657,0,74657,-1780,-1780
4382,2018-09-12,74680,75680,74499,75125,3709100,75125,445,445
4383,2018-09-13,75126,75407,74501,74687,3062100,74687,-439,-439
4384,2018-09-14,74687,75705,74445,75429,3231700,75429,742,742
4385,2018-09-17,75428,76893,75227,76789,3397600,76789,1361,1361
4386,2018-09-18,76781,78454,76677,78314,4167000,78314,1533,1533
4387,2018-09-19,78268,79021,77624,78169,3780800,78169,-99,-99
4388,2018-09-20,78169,78944,77820,78116,3137600,78116,-53,-53
4389,2018-09-21,78116,80002,78116,79444,4666800,79444,1328,1328
4390,2018-09-24,79447,79447,77857,77984,0,77984,-1463,-1463
4391,2018-09-25,77980,78688,77005,78630,3700400,78630,650,650
4392,2018-09-26,78634,79461,78530,78656,3735300,78656,22,22
4393,2018-09-27,78676,80107,78676,80000,4475000,80000,1324,1324
4394,2018-09-28,80000,80000,78967,79342,4061400,79342,-658,-658
4395,2018-10-01,79350,79557,78091,78624,3134400,78624,-726,-726
4396,2018-10-02,78625,81778,78625,81612,5929900,81612,2987,2987
4397,2018-10-03,81624,85442,81623,83273,7618600,83273,1649,1649
4398,2018-10-04,83275,83430,81892,82953,4935600,82953,-322,-322
4399,2018-10-05,82972,83805,82030,82322,5394800,82322,-650,-650
4400,2018-10-08,82324,87333,82324,86084,9999000,86084,3760,3760
4401,2018-10-09,86053,86573,85433,86088,6461000,86088,35,35
4402,2018-10-10,86084,86085,83679,83679,0,83679,-2405,-2405
4403,2018-10-11,83700,84749,82607,82921,5188700,82921,-779,-779
4404,2018-10-15,82922,84278,82922,83360,4782900,83360,438,438
4405,2018-10-16,83420,85718,83420,85718,4811300,85718,2298,2298
4406,2018-10-17,85714,86167,84944,85764,4858600,85764,50,50
4407,2018-10-18,85760,85760,83846,83847,4085300,83847,-1913,-1913
4408,2018-10-19,83845,84954,83667,84220,3753500,84220,375,375
4409,2018-10-22,84222,85772,84222,85597,3873700,85597,1375,1375
4410,2018-10-23,85595,85595,84032,85300,4388100,85300,-295,-295
4411,2018-10-24,85302,85786,83035,83064,4679200,83064,-2238,-2238
4412,2018-10-25,83124,84831,83124,84084,0,84084,960,960
4413,2018-10-26,84084,85720,83497,85720,6471500,85720,1636,1636
4414,2018-10-29,85728,88377,82783,83797,7733900,83797,-1931,-1931
4415,2018-10-30,83802,86990,83802,86886,6556900,86886,3084,3084
4416,2018-10-31,86889,88028,86213,87424,5889800,87424,535,535
4417,2018-11-01,87428,89017,87094,88419,5878400,88419,991,991
4418,2018-11-05,88418,89598,88347,89598,4620800,89598,1180,1180
4419,2018-11-06,89587,89587,88066,88669,0,88669,-918,-918
4420,2018-11-07,88676,89565,87541,87714,4371300,87714,-962,-962
4421,2018-11-08,87719,88570,85620,85620,5297700,85620,-2099,-2099
4422,2018-11-09,85620,86233,84030,85641,4814400,85641,21,21
4423,2018-11-12,85644,86227,85009,85525,3534000,85525,-119,-119
4424,2018-11-13,85531,85941,84071,84914,4410700,84914,-617,-617
4425,2018-11-14,84898,85973,84267,85973,5591600,85973,1075,1075
4426,2018-11-16,85975,88516,85975,88515,5184200,88515,2540,2540
4427,2018-11-19,88472,88484,87047,87901,3642100,87901,-571,-571
4428,2018-11-21,87896,87896,86254,87269,4140600,87269,-627,-627
4429,2018-11-22,87269,87656,87222,87477,2244500,87477,208,208
4430,2018-11-23,87479,87479,85763,86230,4148700,86230,-1249,-1249
4431,2018-11-26,86237,87147,84905,85547,4557300,85547,-690,-690
4432,2018-11-27,85547,88018,85377,87891,4971300,87891,2344,2344
4433,2018-11-28,87891,89483,87153,89251,5295600,89251,1360,1360
4434,2018-11-29,89145,89910,88475,89710,4257400,89710,565,565
4435,2018-11-30,89709,90246,89258,89504,6736700,89504,-205,-205
4436,2018-12-03,89511,91242,89429,89820,5935600,89820,309,309
4437,2018-12-04,89820,90452,88041,88624,4879700,88624,-1196,-1196
4438,2018-12-05,88644,89111,88449,89040,2790000,89040,396,396
4439,2018-12-06,88933,88933,87025,88846,4370100,88846,-87,-87
4440,2018-12-07,88849,89986,87907,88115,4479100,88115,-734,-734
4441,2018-12-10,88115,88384,85915,85915,4084400,85915,-2200,-2200
4442,2018-12-11,85918,87520,85583,86420,4390100,86420,502,502
4443,2018-12-12,86420,87946,86420,86977,5000500,86977,557,557
4444,2018-12-13,86979,87842,86856,87838,3658600,87838,859,859
4445,2018-12-14,87838,88184,87106,87450,3553300,87450,-388,-388
4446,2018-12-17,87448,87820,86328,86400,3849300,86400,-1048,-1048
4447,2018-12-18,86400,87274,86400,86610,4093500,86610,210,210
4448,2018-12-19,86617,88101,85674,85674,5664200,85674,-943,-943
4449,2018-12-20,85678,86584,84756,85269,6100500,85269,-409,-409
4450,2018-12-21,85269,86554,85134,85697,6076200,85697,428,428
4451,2018-12-26,85684,85684,83892,85136,3355100,85136,-548,-548
4452,2018-12-27,85141,85739,84876,85460,3820900,85460,319,319
4453,2018-12-28,85469,88044,85469,87887,3649100,87887,2418,2418
